TimeStamp_UTC; mm_ws_110m[m/s]; mm_ws_60m[m/s]; mm_wd_110m[deg]; 
2023.10.20_16:37:08:745; 10.291600; 9.777500; 230.883400; 
2023.10.20_16:37:08:845; 10.269700; 9.580600; 230.905300; 
2023.10.20_16:37:08:945; 10.146600; 9.427500; 230.883400; 
2023.10.20_16:37:09:045; 10.165800; 9.263500; 230.905300; 
2023.10.20_16:37:09:145; 10.160300; 9.238900; 234.025600; 
2023.10.20_16:37:09:245; 10.521200; 9.244300; 233.981700; 
2023.10.20_16:37:09:345; 10.324400; 9.268900; 233.937700; 
2023.10.20_16:37:09:445; 10.220500; 9.069300; 233.937700; 
2023.10.20_16:37:09:545; 10.157600; 9.096700; 232.399600; 
2023.10.20_16:37:09:645; 10.387300; 9.088500; 232.487500; 
2023.10.20_16:37:09:745; 10.318900; 9.156800; 232.553400; 
2023.10.20_16:37:09:845; 10.171300; 9.063900; 232.553400; 
2023.10.20_16:37:09:945; 10.286100; 9.058400; 237.102000; 
2023.10.20_16:37:10:045; 10.592300; 8.973600; 237.080000; 
2023.10.20_16:37:10:145; 10.709900; 9.454900; 237.145900; 
2023.10.20_16:37:10:245; 10.824800; 8.968200; 237.167900; 
2023.10.20_16:37:10:345; 10.852100; 9.176000; 236.530700; 
2023.10.20_16:37:10:445; 10.857600; 9.039300; 236.442800; 
2023.10.20_16:37:10:545; 10.748200; 8.875200; 236.398800; 
2023.10.20_16:37:10:645; 10.491200; 8.968200; 236.442800; 
2023.10.20_16:37:10:745; 10.308000; 8.924400; 236.442800; 
2023.10.20_16:37:10:845; 10.614200; 9.001000; 236.486700; 
2023.10.20_16:37:10:945; 10.956000; 8.670100; 236.464800; 
2023.10.20_16:37:11:045; 10.994300; 8.653700; 236.442800; 
2023.10.20_16:37:11:145; 10.950500; 8.227200; 236.420800; 
2023.10.20_16:37:11:245; 10.824800; 8.437700; 236.750400; 
2023.10.20_16:37:11:345; 10.507600; 8.093200; 236.772400; 
2023.10.20_16:37:11:445; 10.551300; 8.142400; 236.772400; 
2023.10.20_16:37:11:545; 10.934100; 8.358400; 236.794400; 
2023.10.20_16:37:11:645; 10.641600; 8.177900; 234.970500; 
2023.10.20_16:37:11:745; 11.013400; 8.243600; 234.794700; 
2023.10.20_16:37:11:845; 11.240400; 8.085000; 234.838700; 
2023.10.20_16:37:11:945; 11.180200; 8.292800; 234.904600; 
2023.10.20_16:37:12:045; 11.114600; 8.180700; 235.871400; 
2023.10.20_16:37:12:145; 11.090000; 8.281900; 236.179100; 
2023.10.20_16:37:12:245; 10.835700; 8.410400; 236.223000; 
2023.10.20_16:37:12:345; 10.753700; 8.402200; 236.223000; 
2023.10.20_16:37:12:445; 11.147400; 8.407600; 236.530700; 
2023.10.20_16:37:12:545; 11.347000; 8.497900; 236.728400; 
2023.10.20_16:37:12:645; 11.404400; 8.467800; 236.750400; 
2023.10.20_16:37:12:745; 11.656000; 8.445900; 236.750400; 
2023.10.20_16:37:12:845; 11.647800; 8.197100; 236.750400; 
2023.10.20_16:37:12:945; 11.396200; 8.301000; 235.805500; 
2023.10.20_16:37:13:045; 11.243100; 8.060400; 235.871400; 
2023.10.20_16:37:13:145; 11.131000; 8.087700; 235.871400; 
2023.10.20_16:37:13:245; 11.833700; 7.945500; 235.827500; 
2023.10.20_16:37:13:345; 11.401700; 8.317400; 234.069600; 
2023.10.20_16:37:13:445; 11.399000; 8.599000; 234.135500; 
2023.10.20_16:37:13:545; 11.267700; 8.385800; 234.157500; 
2023.10.20_16:37:13:645; 11.429000; 8.298300; 234.135500; 
2023.10.20_16:37:13:745; 11.420800; 8.180700; 231.037200; 
2023.10.20_16:37:13:845; 11.524700; 8.331100; 230.817400; 
2023.10.20_16:37:13:945; 11.642300; 8.180700; 230.751500; 
2023.10.20_16:37:14:045; 11.434500; 8.317400; 230.729500; 
2023.10.20_16:37:14:145; 11.448200; 8.194400; 238.398500; 
2023.10.20_16:37:14:245; 11.423600; 7.953700; 237.607400; 
2023.10.20_16:37:14:345; 11.172000; 8.041200; 237.497500; 
2023.10.20_16:37:14:445; 11.054400; 8.033000; 237.497500; 
2023.10.20_16:37:14:545; 11.043500; 7.994700; 237.893100; 
2023.10.20_16:37:14:645; 11.210300; 8.232600; 238.684100; 
2023.10.20_16:37:14:745; 11.087200; 7.937300; 238.640200; 
2023.10.20_16:37:14:845; 11.103700; 8.030300; 238.662200; 
2023.10.20_16:37:14:945; 11.122800; 8.164300; 238.618200; 
2023.10.20_16:37:15:045; 11.202100; 7.929100; 238.486400; 
2023.10.20_16:37:15:145; 10.854800; 8.172500; 238.508300; 
2023.10.20_16:37:15:245; 11.136500; 7.937300; 238.486400; 
2023.10.20_16:37:15:345; 10.915000; 8.076800; 238.442400; 
2023.10.20_16:37:15:445; 11.106400; 8.115100; 238.090800; 
2023.10.20_16:37:15:545; 11.202100; 8.219000; 238.046900; 
2023.10.20_16:37:15:645; 11.114600; 8.197100; 238.068800; 
2023.10.20_16:37:15:745; 11.103700; 8.448600; 238.068800; 
2023.10.20_16:37:15:845; 11.437200; 8.372100; 236.992100; 
2023.10.20_16:37:15:945; 11.642300; 8.448600; 237.014100; 
2023.10.20_16:37:16:045; 11.519300; 8.208000; 237.014100; 
2023.10.20_16:37:16:145; 11.459100; 8.426800; 236.992100; 
2023.10.20_16:37:16:245; 11.489200; 8.394000; 238.662200; 
2023.10.20_16:37:16:345; 11.245800; 8.273600; 238.859900; 
2023.10.20_16:37:16:445; 10.939600; 8.213500; 238.794000; 
2023.10.20_16:37:16:545; 10.887600; 8.413100; 238.794000; 
2023.10.20_16:37:16:645; 10.887600; 8.768600; 238.200700; 
2023.10.20_16:37:16:745; 10.789200; 8.593600; 238.244600; 
2023.10.20_16:37:16:845; 10.964200; 9.047500; 238.200700; 
2023.10.20_16:37:16:945; 11.084500; 8.888900; 238.222700; 
2023.10.20_16:37:17:045; 11.054400; 9.304500; 238.266600; 
2023.10.20_16:37:17:145; 10.868500; 9.225200; 238.266600; 
2023.10.20_16:37:17:245; 10.797400; 9.001000; 238.244600; 
2023.10.20_16:37:17:345; 10.671600; 9.386500; 238.244600; 
2023.10.20_16:37:17:445; 10.709900; 9.249800; 238.244600; 
2023.10.20_16:37:17:545; 10.504800; 9.443900; 239.826800; 
2023.10.20_16:37:17:645; 10.644300; 9.233400; 239.914700; 
2023.10.20_16:37:17:745; 10.830200; 9.299000; 239.936600; 
2023.10.20_16:37:17:845; 10.715400; 9.279900; 239.958600; 
2023.10.20_16:37:17:945; 10.731800; 8.957200; 237.058000; 
2023.10.20_16:37:18:045; 10.600500; 8.620900; 237.387700; 
2023.10.20_16:37:18:145; 10.338000; 8.623600; 237.299800; 
2023.10.20_16:37:18:245; 10.510300; 9.115800; 237.343700; 
2023.10.20_16:37:18:345; 10.515800; 9.397400; 236.442800; 
2023.10.20_16:37:18:445; 10.600500; 9.140400; 236.552600; 
2023.10.20_16:37:18:545; 10.663400; 9.104900; 236.574600; 
2023.10.20_16:37:18:645; 10.994300; 8.697500; 236.574600; 
2023.10.20_16:37:18:745; 11.092700; 8.872500; 237.321700; 
2023.10.20_16:37:18:845; 11.144700; 8.664700; 237.497500; 
2023.10.20_16:37:18:945; 11.557500; 9.238900; 237.519500; 
2023.10.20_16:37:19:045; 12.077100; 8.869700; 237.563400; 
2023.10.20_16:37:19:145; 11.481000; 8.872500; 239.321400; 
2023.10.20_16:37:19:245; 11.500100; 8.582600; 240.310200; 
2023.10.20_16:37:19:345; 12.000500; 8.631800; 240.376100; 
2023.10.20_16:37:19:445; 11.491900; 8.445900; 240.376100; 
2023.10.20_16:37:19:545; 11.292300; 8.544300; 239.694900; 
2023.10.20_16:37:19:645; 11.666900; 8.503300; 231.454700; 
2023.10.20_16:37:19:745; 11.530200; 9.044700; 231.762300; 
2023.10.20_16:37:19:845; 11.609500; 9.022800; 231.916100; 
2023.10.20_16:37:19:945; 11.970400; 9.435700; 231.960100; 
2023.10.20_16:37:20:045; 11.787200; 9.370100; 233.674100; 
2023.10.20_16:37:20:145; 11.718900; 9.668100; 233.761900; 
2023.10.20_16:37:20:245; 11.918500; 9.381000; 233.805900; 
2023.10.20_16:37:20:345; 11.727100; 9.178700; 233.849800; 
2023.10.20_16:37:20:445; 11.727100; 9.452100; 237.761200; 
2023.10.20_16:37:20:545; 11.989600; 9.132200; 237.343700; 
2023.10.20_16:37:20:645; 12.284900; 9.443900; 237.343700; 
2023.10.20_16:37:20:745; 12.181000; 9.479500; 237.343700; 
2023.10.20_16:37:20:845; 12.276700; 9.517800; 236.354900; 
2023.10.20_16:37:20:945; 12.407900; 9.501300; 235.344100; 
2023.10.20_16:37:21:045; 12.648500; 9.668100; 235.388000; 
2023.10.20_16:37:21:145; 12.331400; 9.389200; 235.366000; 
2023.10.20_16:37:21:245; 12.140000; 9.930600; 235.893400; 
2023.10.20_16:37:21:345; 12.282100; 9.392000; 236.904200; 
2023.10.20_16:37:21:445; 12.022400; 9.337300; 236.904200; 
2023.10.20_16:37:21:545; 11.724300; 9.875900; 236.904200; 
2023.10.20_16:37:21:645; 11.751700; 9.895100; 236.772400; 
2023.10.20_16:37:21:745; 11.959500; 9.815800; 232.201800; 
2023.10.20_16:37:21:845; 11.970400; 10.165800; 232.289700; 
2023.10.20_16:37:21:945; 12.014200; 10.086500; 232.311700; 
2023.10.20_16:37:22:045; 12.038800; 9.914200; 232.333600; 
2023.10.20_16:37:22:145; 12.066100; 9.761100; 231.938100; 
2023.10.20_16:37:22:245; 12.629400; 10.108400; 231.894200; 
2023.10.20_16:37:22:345; 11.910300; 9.774800; 231.916100; 
2023.10.20_16:37:22:445; 11.959500; 9.832200; 231.938100; 
2023.10.20_16:37:22:545; 12.314900; 9.807600; 237.695300; 
2023.10.20_16:37:22:645; 12.706000; 9.903300; 237.849100; 
2023.10.20_16:37:22:745; 12.320400; 9.826700; 237.871100; 
2023.10.20_16:37:22:845; 11.918500; 9.632600; 237.893100; 
2023.10.20_16:37:22:945; 11.683300; 9.977100; 240.244300; 
2023.10.20_16:37:23:045; 11.475500; 9.922400; 240.134400; 
2023.10.20_16:37:23:145; 11.409900; 9.684500; 240.200300; 
2023.10.20_16:37:23:245; 11.333300; 9.848600; 240.156400; 
2023.10.20_16:37:23:345; 11.508300; 10.198600; 239.563100; 
2023.10.20_16:37:23:445; 11.721600; 9.968900; 236.706500; 
2023.10.20_16:37:23:545; 11.705200; 9.698200; 236.816300; 
2023.10.20_16:37:23:645; 11.464600; 10.083800; 236.860300; 
2023.10.20_16:37:23:745; 11.404400; 9.990800; 236.816300; 
2023.10.20_16:37:23:845; 11.185700; 9.834900; 232.465500; 
2023.10.20_16:37:23:945; 11.125500; 9.875900; 232.597300; 
2023.10.20_16:37:24:045; 11.177500; 9.859500; 232.575300; 
2023.10.20_16:37:24:145; 11.336100; 9.517800; 232.553400; 
2023.10.20_16:37:24:245; 11.275900; 9.865000; 232.048000; 
2023.10.20_16:37:24:345; 11.478300; 9.471300; 231.982100; 
2023.10.20_16:37:24:445; 11.464600; 9.662700; 232.026000; 
2023.10.20_16:37:24:545; 11.505600; 9.258000; 232.004000; 
2023.10.20_16:37:24:645; 11.825500; 8.856100; 231.740300; 
2023.10.20_16:37:24:745; 11.776300; 8.927100; 231.784300; 
2023.10.20_16:37:24:845; 11.841900; 8.445900; 231.806300; 
2023.10.20_16:37:24:945; 12.142700; 8.815000; 231.784300; 
2023.10.20_16:37:25:045; 12.429800; 8.645500; 230.443900; 
2023.10.20_16:37:25:145; 12.252100; 9.050200; 230.553700; 
2023.10.20_16:37:25:245; 12.241100; 8.678300; 230.575700; 
2023.10.20_16:37:25:345; 11.847400; 8.618200; 230.575700; 
2023.10.20_16:37:25:445; 11.806400; 8.331100; 227.499400; 
2023.10.20_16:37:25:545; 11.913000; 8.560700; 227.213700; 
2023.10.20_16:37:25:645; 11.702500; 8.317400; 227.103800; 
2023.10.20_16:37:25:745; 11.412600; 8.530700; 227.081800; 
2023.10.20_16:37:25:845; 11.519300; 8.074000; 227.147800; 
2023.10.20_16:37:25:945; 12.107100; 8.317400; 227.938800; 
2023.10.20_16:37:26:045; 11.442700; 8.582600; 227.894900; 
2023.10.20_16:37:26:145; 11.450900; 8.117800; 227.872900; 
2023.10.20_16:37:26:245; 11.464600; 8.358400; 227.872900; 
2023.10.20_16:37:26:345; 11.576700; 8.355700; 228.136600; 
2023.10.20_16:37:26:445; 11.688800; 8.508800; 228.136600; 
2023.10.20_16:37:26:545; 11.672400; 8.260000; 228.114600; 
2023.10.20_16:37:26:645; 11.491900; 8.352900; 228.114600; 
2023.10.20_16:37:26:745; 11.336100; 8.098700; 228.905700; 
2023.10.20_16:37:26:845; 11.675100; 7.918200; 228.817800; 
2023.10.20_16:37:26:945; 11.054400; 7.852600; 228.795800; 
2023.10.20_16:37:27:045; 11.213000; 7.986500; 228.795800; 
2023.10.20_16:37:27:145; 10.975100; 8.003000; 225.653500; 
2023.10.20_16:37:27:245; 10.923200; 7.833400; 225.653500; 
2023.10.20_16:37:27:345; 10.729100; 7.653000; 225.609600; 
2023.10.20_16:37:27:445; 10.805600; 7.912700; 225.631600; 
2023.10.20_16:37:27:545; 10.565000; 8.243600; 226.730300; 
2023.10.20_16:37:27:645; 10.712600; 7.860800; 227.389500; 
2023.10.20_16:37:27:745; 10.761900; 8.134200; 227.455400; 
2023.10.20_16:37:27:845; 10.556800; 7.899000; 227.477400; 
2023.10.20_16:37:27:945; 10.390000; 7.934600; 229.147400; 
2023.10.20_16:37:28:045; 10.420100; 8.035800; 231.125100; 
2023.10.20_16:37:28:145; 10.261500; 8.101400; 231.169000; 
2023.10.20_16:37:28:245; 10.895800; 8.112300; 231.191000; 
2023.10.20_16:37:28:345; 11.163800; 8.314700; 231.278900; 
2023.10.20_16:37:28:445; 11.322400; 8.011200; 234.025600; 
2023.10.20_16:37:28:545; 11.784500; 8.500600; 233.937700; 
2023.10.20_16:37:28:645; 11.978600; 8.443200; 233.915800; 
2023.10.20_16:37:28:745; 12.418900; 8.785000; 233.893800; 
2023.10.20_16:37:28:845; 12.150900; 8.566200; 233.256500; 
2023.10.20_16:37:28:945; 11.970400; 8.823200; 233.212600; 
2023.10.20_16:37:29:045; 11.658700; 8.631800; 233.234600; 
2023.10.20_16:37:29:145; 11.781800; 8.735700; 233.212600; 
2023.10.20_16:37:29:245; 11.505600; 8.724800; 232.135900; 
2023.10.20_16:37:29:345; 11.530200; 8.910700; 232.179800; 
2023.10.20_16:37:29:445; 11.587600; 8.683800; 232.223800; 
2023.10.20_16:37:29:545; 12.211000; 8.938100; 232.201800; 
2023.10.20_16:37:29:645; 12.531000; 8.716600; 232.663300; 
2023.10.20_16:37:29:745; 12.243900; 8.735700; 233.586200; 
2023.10.20_16:37:29:845; 11.997800; 8.801400; 233.586200; 
2023.10.20_16:37:29:945; 12.079800; 9.058400; 233.608100; 
2023.10.20_16:37:30:045; 12.096200; 8.850600; 233.344400; 
2023.10.20_16:37:30:145; 11.718900; 9.159600; 232.465500; 
2023.10.20_16:37:30:245; 11.639600; 9.159600; 232.531400; 
2023.10.20_16:37:30:345; 11.940300; 9.487700; 232.553400; 
2023.10.20_16:37:30:445; 11.910300; 9.711900; 232.531400; 
2023.10.20_16:37:30:545; 11.656000; 10.414600; 231.213000; 
2023.10.20_16:37:30:645; 11.705200; 10.431000; 231.191000; 
2023.10.20_16:37:30:745; 12.235700; 10.986100; 231.169000; 
2023.10.20_16:37:30:845; 12.000500; 11.295100; 231.191000; 
2023.10.20_16:37:30:945; 11.735300; 11.579400; 233.212600; 
2023.10.20_16:37:31:045; 11.880200; 11.702500; 233.300500; 
2023.10.20_16:37:31:145; 11.962200; 11.379800; 233.344400; 
2023.10.20_16:37:31:245; 11.992300; 10.865800; 233.366400; 
2023.10.20_16:37:31:345; 12.082500; 10.545900; 236.530700; 
2023.10.20_16:37:31:445; 12.331400; 10.540400; 236.464800; 
2023.10.20_16:37:31:545; 12.096200; 10.165800; 236.420800; 
2023.10.20_16:37:31:645; 11.803600; 10.545900; 236.420800; 
2023.10.20_16:37:31:745; 11.913000; 10.302500; 235.607800; 
2023.10.20_16:37:31:845; 11.858300; 10.939600; 235.497900; 
2023.10.20_16:37:31:945; 12.427100; 10.764600; 235.475900; 
2023.10.20_16:37:32:045; 12.528200; 10.488400; 235.453900; 
2023.10.20_16:37:32:145; 12.347800; 10.690800; 235.629700; 
2023.10.20_16:37:32:245; 12.090700; 10.969700; 237.431600; 
2023.10.20_16:37:32:345; 12.115300; 11.163800; 237.343700; 
2023.10.20_16:37:32:445; 11.948500; 11.423600; 237.343700; 
2023.10.20_16:37:32:545; 11.765400; 11.191100; 237.321700; 
2023.10.20_16:37:32:645; 11.913000; 11.076300; 231.872200; 
2023.10.20_16:37:32:745; 11.535700; 11.232200; 231.454700; 
2023.10.20_16:37:32:845; 11.497400; 11.196600; 231.366800; 
2023.10.20_16:37:32:945; 11.437200; 11.207600; 231.344800; 
2023.10.20_16:37:33:045; 11.360700; 11.215800; 233.014800; 
2023.10.20_16:37:33:145; 11.254000; 10.999700; 233.124700; 
2023.10.20_16:37:33:245; 10.986100; 10.966900; 233.146700; 
2023.10.20_16:37:33:345; 11.046200; 11.040800; 233.146700; 
2023.10.20_16:37:33:445; 11.122800; 10.950500; 231.740300; 
2023.10.20_16:37:33:545; 11.429000; 11.505600; 231.894200; 
2023.10.20_16:37:33:645; 11.450900; 10.871200; 231.894200; 
2023.10.20_16:37:33:745; 11.379800; 10.699000; 231.894200; 
2023.10.20_16:37:33:845; 11.557500; 10.824800; 230.246100; 
2023.10.20_16:37:33:945; 11.773600; 10.846600; 230.421900; 
2023.10.20_16:37:34:045; 11.530200; 11.557500; 230.465900; 
2023.10.20_16:37:34:145; 11.940300; 11.191100; 230.465900; 
2023.10.20_16:37:34:245; 11.822800; 10.868500; 229.718700; 
2023.10.20_16:37:34:345; 11.762600; 10.986100; 229.367100; 
2023.10.20_16:37:34:445; 11.311500; 11.029800; 229.323200; 
2023.10.20_16:37:34:545; 10.707200; 10.775500; 229.323200; 
2023.10.20_16:37:34:645; 10.750900; 10.893100; 229.367100; 
2023.10.20_16:37:34:745; 10.753700; 10.882200; 230.795500; 
2023.10.20_16:37:34:845; 10.802900; 10.920500; 230.751500; 
2023.10.20_16:37:34:945; 11.090000; 10.819300; 230.751500; 
2023.10.20_16:37:35:045; 11.144700; 10.696200; 230.729500; 
2023.10.20_16:37:35:145; 11.068100; 10.658000; 234.289300; 
2023.10.20_16:37:35:245; 11.120100; 10.581400; 234.399200; 
2023.10.20_16:37:35:345; 11.040800; 10.849400; 234.399200; 
2023.10.20_16:37:35:445; 10.972400; 10.589600; 234.377200; 
2023.10.20_16:37:35:545; 11.147400; 10.718100; 235.080400; 
2023.10.20_16:37:35:645; 10.884900; 10.904000; 235.607800; 
2023.10.20_16:37:35:745; 11.035300; 10.414600; 235.607800; 
2023.10.20_16:37:35:845; 11.174700; 10.042700; 235.585800; 
2023.10.20_16:37:35:945; 11.150100; 9.936100; 236.376900; 
2023.10.20_16:37:36:045; 11.467300; 9.927900; 236.289000; 
2023.10.20_16:37:36:145; 11.423600; 10.007200; 236.354900; 
2023.10.20_16:37:36:245; 11.418100; 9.990800; 236.376900; 
2023.10.20_16:37:36:345; 11.448200; 9.889600; 234.926600; 
2023.10.20_16:37:36:445; 11.431800; 9.739200; 232.443500; 
2023.10.20_16:37:36:545; 11.453600; 9.252500; 232.443500; 
2023.10.20_16:37:36:645; 12.027800; 9.471300; 232.443500; 
2023.10.20_16:37:36:745; 11.664200; 9.309900; 232.948900; 
2023.10.20_16:37:36:845; 11.658700; 9.129500; 234.553000; 
2023.10.20_16:37:36:945; 11.491900; 9.345500; 234.487100; 
2023.10.20_16:37:37:045; 11.273200; 9.468500; 234.465100; 
2023.10.20_16:37:37:145; 11.193900; 9.288100; 234.553000; 
2023.10.20_16:37:37:245; 11.483700; 9.301700; 234.816700; 
2023.10.20_16:37:37:345; 11.226700; 9.091200; 234.816700; 
2023.10.20_16:37:37:445; 11.100900; 9.170500; 234.794700; 
2023.10.20_16:37:37:545; 11.046200; 8.877900; 234.816700; 
2023.10.20_16:37:37:645; 11.054400; 9.304500; 235.651700; 
2023.10.20_16:37:37:745; 10.469300; 8.713900; 235.585800; 
2023.10.20_16:37:37:845; 10.458400; 9.085700; 235.585800; 
2023.10.20_16:37:37:945; 10.220500; 9.003700; 235.607800; 
2023.10.20_16:37:38:045; 10.573200; 9.255300; 236.310900; 
2023.10.20_16:37:38:145; 10.433700; 9.411100; 236.398800; 
2023.10.20_16:37:38:245; 10.343500; 9.195100; 236.442800; 
2023.10.20_16:37:38:345; 10.097400; 9.356400; 236.442800; 
2023.10.20_16:37:38:445; 10.234100; 9.274400; 236.530700; 
2023.10.20_16:37:38:545; 10.431000; 9.351000; 237.058000; 
2023.10.20_16:37:38:645; 10.554100; 9.567000; 237.036100; 
2023.10.20_16:37:38:745; 10.351700; 9.386500; 237.058000; 
2023.10.20_16:37:38:845; 10.318900; 8.968200; 237.541500; 
2023.10.20_16:37:38:945; 10.362700; 9.069300; 242.705400; 
2023.10.20_16:37:39:045; 10.302500; 8.897100; 242.727300; 
2023.10.20_16:37:39:145; 10.441900; 8.738500; 242.925100; 
2023.10.20_16:37:39:245; 10.332600; 8.229900; 242.859200; 
2023.10.20_16:37:39:345; 10.122000; 8.322900; 245.693800; 
2023.10.20_16:37:39:445; 10.111100; 8.388500; 245.891600; 
2023.10.20_16:37:39:545; 10.452900; 8.219000; 245.913600; 
2023.10.20_16:37:39:645; 10.283400; 8.590800; 245.913600; 
2023.10.20_16:37:39:745; 10.023600; 8.702900; 247.210000; 
2023.10.20_16:37:39:845; 10.357200; 8.623600; 247.385800; 
2023.10.20_16:37:39:945; 10.709900; 8.631800; 247.341900; 
2023.10.20_16:37:40:045; 11.111900; 8.651000; 247.319900; 
2023.10.20_16:37:40:145; 11.062600; 8.782200; 245.605900; 
2023.10.20_16:37:40:245; 10.977900; 8.836900; 245.781700; 
2023.10.20_16:37:40:345; 11.081800; 8.757600; 245.803700; 
2023.10.20_16:37:40:445; 11.095400; 9.124000; 245.825700; 
2023.10.20_16:37:40:545; 11.292300; 9.126700; 248.067000; 
2023.10.20_16:37:40:645; 11.081800; 9.309900; 249.275600; 
2023.10.20_16:37:40:745; 11.245800; 9.758400; 249.451400; 
2023.10.20_16:37:40:845; 10.980600; 9.285300; 249.385500; 
2023.10.20_16:37:40:945; 10.893100; 9.334600; 249.363500; 
2023.10.20_16:37:41:045; 10.860300; 9.206000; 247.847300; 
2023.10.20_16:37:41:145; 11.371600; 9.999000; 247.891200; 
2023.10.20_16:37:41:245; 11.732500; 10.201300; 247.913200; 
2023.10.20_16:37:41:345; 11.543900; 9.927900; 247.891200; 
2023.10.20_16:37:41:445; 11.571200; 9.684500; 247.935200; 
2023.10.20_16:37:41:545; 11.552100; 9.558800; 247.935200; 
2023.10.20_16:37:41:645; 11.516500; 9.517800; 247.957200; 
2023.10.20_16:37:41:745; 11.724300; 9.299000; 247.935200; 
2023.10.20_16:37:41:845; 11.877500; 9.331800; 250.286400; 
2023.10.20_16:37:41:945; 11.861100; 8.951800; 250.352300; 
2023.10.20_16:37:42:045; 12.386000; 8.957200; 250.352300; 
2023.10.20_16:37:42:145; 11.902100; 8.765800; 250.374300; 
2023.10.20_16:37:42:245; 11.814600; 8.910700; 246.067400; 
2023.10.20_16:37:42:345; 11.872000; 9.093900; 246.572800; 
2023.10.20_16:37:42:445; 11.516500; 9.698200; 246.594800; 
2023.10.20_16:37:42:545; 11.456400; 9.113100; 246.594800; 
2023.10.20_16:37:42:645; 11.188400; 9.006400; 245.913600; 
2023.10.20_16:37:42:745; 11.049000; 9.381000; 245.935500; 
2023.10.20_16:37:42:845; 10.871200; 9.430300; 245.957500; 
2023.10.20_16:37:42:945; 11.349700; 9.627100; 245.957500; 
2023.10.20_16:37:43:045; 10.898600; 9.312700; 246.133300; 
2023.10.20_16:37:43:145; 11.027100; 9.309900; 246.375000; 
2023.10.20_16:37:43:245; 11.180200; 9.531400; 246.375000; 
2023.10.20_16:37:43:345; 11.262200; 9.389200; 246.397000; 
2023.10.20_16:37:43:445; 10.901300; 9.293500; 246.440900; 
2023.10.20_16:37:43:545; 10.865800; 9.588800; 247.715400; 
2023.10.20_16:37:43:645; 10.969700; 9.610700; 247.649500; 
2023.10.20_16:37:43:745; 11.139200; 9.668100; 247.671500; 
2023.10.20_16:37:43:845; 11.081800; 9.654500; 247.649500; 
2023.10.20_16:37:43:945; 11.100900; 9.449400; 250.462200; 
2023.10.20_16:37:44:045; 11.543900; 9.733800; 250.374300; 
2023.10.20_16:37:44:145; 10.920500; 9.698200; 250.330300; 
2023.10.20_16:37:44:245; 10.893100; 9.684500; 250.286400; 
2023.10.20_16:37:44:345; 10.958700; 9.936100; 250.308400; 
2023.10.20_16:37:44:445; 10.652500; 9.752900; 250.286400; 
2023.10.20_16:37:44:545; 10.925900; 10.064600; 250.286400; 
2023.10.20_16:37:44:645; 11.002500; 10.053700; 250.264400; 
2023.10.20_16:37:44:745; 10.912300; 10.332600; 247.737400; 
2023.10.20_16:37:44:845; 10.663400; 10.543100; 247.473700; 
2023.10.20_16:37:44:945; 10.740000; 10.630600; 247.363800; 
2023.10.20_16:37:45:045; 10.813800; 10.507600; 247.341900; 
2023.10.20_16:37:45:145; 10.813800; 10.400900; 247.627500; 
2023.10.20_16:37:45:245; 10.819300; 10.682600; 248.704300; 
2023.10.20_16:37:45:345; 10.545900; 10.764600; 248.638400; 
2023.10.20_16:37:45:445; 10.236900; 11.363400; 248.660300; 
2023.10.20_16:37:45:545; 10.349000; 11.172000; 248.572400; 
2023.10.20_16:37:45:645; 10.731800; 11.081800; 247.451800; 
2023.10.20_16:37:45:745; 10.731800; 11.196600; 247.451800; 
2023.10.20_16:37:45:845; 10.822000; 11.090000; 247.495700; 
2023.10.20_16:37:45:945; 10.699000; 11.046200; 247.473700; 
2023.10.20_16:37:46:045; 10.551300; 11.325100; 246.462900; 
2023.10.20_16:37:46:145; 10.567700; 11.306000; 246.375000; 
2023.10.20_16:37:46:245; 10.305200; 11.046200; 246.375000; 
2023.10.20_16:37:46:345; 10.384500; 10.865800; 246.375000; 
2023.10.20_16:37:46:445; 10.513000; 10.668900; 242.617500; 
2023.10.20_16:37:46:545; 10.174000; 11.281400; 243.013000; 
2023.10.20_16:37:46:645; 10.261500; 11.103700; 243.166800; 
2023.10.20_16:37:46:745; 10.127500; 11.232200; 243.078900; 
2023.10.20_16:37:46:845; 10.130200; 11.144700; 245.210400; 
2023.10.20_16:37:46:945; 9.692800; 11.177500; 246.726600; 
2023.10.20_16:37:47:045; 9.613500; 10.969700; 246.792500; 
2023.10.20_16:37:47:145; 10.133000; 10.578700; 246.858400; 
2023.10.20_16:37:47:245; 9.720100; 10.521200; 246.419000; 
2023.10.20_16:37:47:345; 10.130200; 10.616900; 239.760800; 
2023.10.20_16:37:47:445; 9.865000; 10.524000; 239.958600; 
2023.10.20_16:37:47:545; 9.651700; 10.521200; 240.046500; 
2023.10.20_16:37:47:645; 9.588800; 10.277900; 240.178400; 
2023.10.20_16:37:47:745; 9.621700; 9.903300; 243.628300; 
2023.10.20_16:37:47:845; 9.567000; 10.231400; 243.562300; 
2023.10.20_16:37:47:945; 9.553300; 9.914200; 243.518400; 
2023.10.20_16:37:48:045; 9.832200; 9.405600; 243.496400; 
2023.10.20_16:37:48:145; 9.348200; 9.266200; 243.694200; 
2023.10.20_16:37:48:245; 9.526000; 9.118500; 243.672200; 
2023.10.20_16:37:48:345; 9.203300; 9.118500; 243.672200; 
2023.10.20_16:37:48:445; 8.886100; 9.249800; 243.694200; 
2023.10.20_16:37:48:545; 9.080300; 9.186900; 241.057300; 
2023.10.20_16:37:48:645; 8.601800; 9.230700; 240.925500; 
2023.10.20_16:37:48:745; 8.992800; 9.372800; 240.925500; 
2023.10.20_16:37:48:845; 9.181400; 9.490400; 240.903500; 
2023.10.20_16:37:48:945; 9.200600; 9.679100; 240.815600; 
2023.10.20_16:37:49:045; 9.132200; 9.774800; 240.815600; 
2023.10.20_16:37:49:145; 9.104900; 9.895100; 240.837600; 
2023.10.20_16:37:49:245; 9.088500; 9.990800; 240.793600; 
2023.10.20_16:37:49:345; 9.252500; 9.966200; 240.991400; 
2023.10.20_16:37:49:445; 9.402900; 9.742000; 241.343000; 
2023.10.20_16:37:49:545; 9.632600; 9.577900; 241.343000; 
2023.10.20_16:37:49:645; 9.474000; 9.815800; 241.364900; 
2023.10.20_16:37:49:745; 9.908800; 9.714600; 241.386900; 
2023.10.20_16:37:49:845; 10.048200; 9.739200; 250.769800; 
2023.10.20_16:37:49:945; 10.059100; 10.067300; 250.264400; 
2023.10.20_16:37:50:045; 10.108400; 9.851300; 250.330300; 
2023.10.20_16:37:50:145; 10.097400; 9.870500; 250.352300; 
2023.10.20_16:37:50:245; 9.774800; 9.774800; 245.649900; 
2023.10.20_16:37:50:345; 9.772000; 9.944300; 245.715800; 
2023.10.20_16:37:50:445; 9.955200; 9.733800; 245.737800; 
2023.10.20_16:37:50:545; 9.884200; 9.676300; 245.737800; 
2023.10.20_16:37:50:645; 9.750200; 9.608000; 240.464000; 
2023.10.20_16:37:50:745; 9.676300; 9.498600; 240.991400; 
2023.10.20_16:37:50:845; 9.834900; 9.556000; 240.859500; 
2023.10.20_16:37:50:945; 10.050900; 9.526000; 240.837600; 
2023.10.20_16:37:51:045; 10.370900; 9.370100; 235.629700; 
2023.10.20_16:37:51:145; 10.543100; 9.433000; 235.783600; 
2023.10.20_16:37:51:245; 10.316200; 9.277100; 235.717600; 
2023.10.20_16:37:51:345; 10.042700; 9.219700; 235.673700; 
2023.10.20_16:37:51:445; 9.979900; 9.381000; 237.080000; 
2023.10.20_16:37:51:545; 10.277900; 9.154100; 237.255800; 
2023.10.20_16:37:51:645; 10.608700; 9.323600; 237.343700; 
2023.10.20_16:37:51:745; 10.447400; 9.258000; 237.321700; 
2023.10.20_16:37:51:845; 10.750900; 9.657200; 238.200700; 
2023.10.20_16:37:51:945; 10.854800; 9.411100; 241.496800; 
2023.10.20_16:37:52:045; 10.901300; 9.052900; 241.430900; 
2023.10.20_16:37:52:145; 10.988800; 9.446700; 241.408900; 
2023.10.20_16:37:52:245; 10.893100; 9.260700; 241.408900; 
2023.10.20_16:37:52:345; 10.884900; 9.301700; 241.650600; 
2023.10.20_16:37:52:445; 10.843900; 9.389200; 241.694600; 
2023.10.20_16:37:52:545; 10.827500; 9.400200; 241.694600; 
2023.10.20_16:37:52:645; 10.595100; 9.197800; 241.694600; 
2023.10.20_16:37:52:745; 10.354500; 9.386500; 238.947800; 
2023.10.20_16:37:52:845; 10.245100; 8.998200; 239.189500; 
2023.10.20_16:37:52:945; 10.223200; 9.159600; 239.233500; 
2023.10.20_16:37:53:045; 9.944300; 8.763100; 239.277400; 
2023.10.20_16:37:53:145; 10.204100; 9.017400; 237.783200; 
2023.10.20_16:37:53:245; 10.384500; 8.760400; 237.233800; 
2023.10.20_16:37:53:345; 10.515800; 8.795900; 237.321700; 
2023.10.20_16:37:53:445; 10.510300; 8.495100; 237.321700; 
2023.10.20_16:37:53:545; 10.876700; 8.549800; 239.475200; 
2023.10.20_16:37:53:645; 10.668900; 8.481500; 239.189500; 
2023.10.20_16:37:53:745; 11.040800; 8.675600; 239.255400; 
2023.10.20_16:37:53:845; 11.040800; 8.582600; 239.255400; 
2023.10.20_16:37:53:945; 11.415400; 8.812300; 239.343300; 
2023.10.20_16:37:54:045; 11.172000; 8.768600; 240.529900; 
2023.10.20_16:37:54:145; 10.805600; 8.968200; 240.508000; 
2023.10.20_16:37:54:245; 10.461100; 8.793200; 240.508000; 
2023.10.20_16:37:54:345; 10.217700; 9.036500; 240.595900; 
2023.10.20_16:37:54:445; 10.094700; 8.681100; 243.694200; 
2023.10.20_16:37:54:545; 10.316200; 9.020100; 243.606300; 
2023.10.20_16:37:54:645; 10.040000; 9.124000; 243.606300; 
2023.10.20_16:37:54:745; 9.884200; 9.643500; 243.584300; 
2023.10.20_16:37:54:845; 9.572400; 9.854100; 238.200700; 
2023.10.20_16:37:54:945; 9.621700; 9.454900; 237.849100; 
2023.10.20_16:37:55:045; 9.372800; 9.821300; 237.761200; 
2023.10.20_16:37:55:145; 9.687300; 9.917000; 237.717300; 
2023.10.20_16:37:55:245; 9.408400; 9.673600; 237.717300; 
2023.10.20_16:37:55:345; 9.375600; 9.624400; 237.717300; 
2023.10.20_16:37:55:445; 9.487700; 9.465800; 237.717300; 
2023.10.20_16:37:55:545; 9.277100; 9.372800; 237.695300; 
2023.10.20_16:37:55:645; 9.315400; 9.493100; 237.299800; 
2023.10.20_16:37:55:745; 9.364600; 9.331800; 236.530700; 
2023.10.20_16:37:55:845; 9.285300; 9.367400; 236.574600; 
2023.10.20_16:37:55:945; 9.482200; 9.534200; 236.574600; 
2023.10.20_16:37:56:045; 9.783000; 9.342800; 236.574600; 
2023.10.20_16:37:56:145; 9.476700; 9.610700; 235.212200; 
2023.10.20_16:37:56:245; 9.662700; 9.720100; 235.234200; 
2023.10.20_16:37:56:345; 9.947000; 9.791200; 235.234200; 
2023.10.20_16:37:56:445; 9.752900; 9.807600; 235.234200; 
2023.10.20_16:37:56:545; 9.793900; 9.955200; 235.981300; 
2023.10.20_16:37:56:645; 10.040000; 9.670900; 235.981300; 
2023.10.20_16:37:56:745; 10.078300; 9.252500; 235.981300; 
2023.10.20_16:37:56:845; 9.993500; 9.523200; 235.981300; 
2023.10.20_16:37:56:945; 10.272400; 9.279900; 238.925800; 
2023.10.20_16:37:57:045; 10.108400; 9.484900; 239.013700; 
2023.10.20_16:37:57:145; 10.146600; 9.304500; 239.013700; 
2023.10.20_16:37:57:245; 10.072800; 9.268900; 239.035700; 
2023.10.20_16:37:57:345; 10.184900; 9.424800; 236.618600; 
2023.10.20_16:37:57:445; 10.113800; 9.509600; 236.684500; 
2023.10.20_16:37:57:545; 9.884200; 9.184200; 236.728400; 
2023.10.20_16:37:57:645; 9.711900; 9.236100; 236.574600; 
2023.10.20_16:37:57:745; 9.742000; 9.096700; 235.519900; 
2023.10.20_16:37:57:845; 9.701000; 9.405600; 234.047600; 
2023.10.20_16:37:57:945; 9.676300; 9.217000; 234.025600; 
2023.10.20_16:37:58:045; 9.616200; 9.173200; 234.025600; 
2023.10.20_16:37:58:145; 9.567000; 9.561500; 234.728800; 
2023.10.20_16:37:58:245; 9.495900; 9.367400; 237.607400; 
2023.10.20_16:37:58:345; 9.807600; 9.588800; 237.563400; 
2023.10.20_16:37:58:445; 9.495900; 9.608000; 237.497500; 
2023.10.20_16:37:58:545; 10.092000; 9.594300; 237.475600; 
2023.10.20_16:37:58:645; 9.785700; 9.550600; 239.343300; 
2023.10.20_16:37:58:745; 9.681800; 9.744700; 239.519100; 
2023.10.20_16:37:58:845; 9.509600; 9.435700; 239.541100; 
2023.10.20_16:37:58:945; 9.427500; 9.793900; 239.541100; 
2023.10.20_16:37:59:045; 9.255300; 9.397400; 239.101600; 
2023.10.20_16:37:59:145; 9.482200; 8.998200; 239.123600; 
2023.10.20_16:37:59:245; 9.569700; 9.296300; 239.167600; 
2023.10.20_16:37:59:345; 9.446700; 9.170500; 239.145600; 
2023.10.20_16:37:59:445; 9.610700; 9.266200; 239.760800; 
2023.10.20_16:37:59:545; 9.394700; 9.140400; 239.651000; 
2023.10.20_16:37:59:645; 9.392000; 9.058400; 239.673000; 
2023.10.20_16:37:59:745; 9.720100; 9.022800; 239.694900; 
2023.10.20_16:37:59:845; 9.501300; 8.869700; 237.893100; 
2023.10.20_16:37:59:945; 9.561500; 9.206000; 237.607400; 
2023.10.20_16:38:00:045; 9.851300; 9.110300; 237.541500; 
2023.10.20_16:38:00:145; 9.788500; 8.913500; 237.519500; 
2023.10.20_16:38:00:245; 9.761100; 8.976400; 239.980600; 
2023.10.20_16:38:00:345; 9.922400; 8.694700; 241.123200; 
2023.10.20_16:38:00:445; 9.911500; 8.760400; 241.211100; 
2023.10.20_16:38:00:545; 9.807600; 8.435000; 241.233100; 
2023.10.20_16:38:00:645; 9.717400; 8.689300; 240.639800; 
2023.10.20_16:38:00:745; 9.673600; 8.426800; 234.794700; 
2023.10.20_16:38:00:845; 9.772000; 8.489700; 235.014500; 
2023.10.20_16:38:00:945; 9.769300; 8.366600; 235.102400; 
2023.10.20_16:38:01:045; 10.141200; 8.126000; 235.168300; 
2023.10.20_16:38:01:145; 10.015400; 8.175200; 236.245000; 
2023.10.20_16:38:01:245; 10.001700; 8.024800; 236.289000; 
2023.10.20_16:38:01:345; 10.122000; 8.076800; 236.332900; 
2023.10.20_16:38:01:445; 10.097400; 8.191600; 236.332900; 
2023.10.20_16:38:01:545; 10.209500; 8.060400; 237.409600; 
2023.10.20_16:38:01:645; 10.034500; 8.325600; 237.277800; 
2023.10.20_16:38:01:745; 10.625100; 8.224400; 237.299800; 
2023.10.20_16:38:01:845; 10.067300; 8.314700; 237.277800; 
2023.10.20_16:38:01:945; 10.067300; 8.314700; 237.277800; 
2023.10.20_16:38:02:045; 10.466600; 8.254500; 237.036100; 
2023.10.20_16:38:02:145; 10.354500; 8.254500; 236.992100; 
2023.10.20_16:38:02:245; 10.198600; 8.388500; 236.992100; 
2023.10.20_16:38:02:345; 9.979900; 8.437700; 236.926200; 
2023.10.20_16:38:02:445; 10.280600; 8.998200; 235.366000; 
2023.10.20_16:38:02:545; 9.837700; 9.055700; 235.410000; 
2023.10.20_16:38:02:645; 9.463100; 8.910700; 235.432000; 
2023.10.20_16:38:02:745; 9.244300; 8.921700; 235.475900; 
2023.10.20_16:38:02:845; 9.515000; 8.585400; 237.585400; 
2023.10.20_16:38:02:945; 9.383800; 8.670100; 237.453600; 
2023.10.20_16:38:03:045; 9.465800; 8.511500; 237.519500; 
2023.10.20_16:38:03:145; 9.279900; 8.733000; 237.563400; 
2023.10.20_16:38:03:245; 9.419300; 8.497900; 234.597000; 
2023.10.20_16:38:03:345; 9.731000; 8.426800; 234.421200; 
2023.10.20_16:38:03:445; 9.534200; 8.508800; 234.377200; 
2023.10.20_16:38:03:545; 9.720100; 8.730300; 234.355200; 
2023.10.20_16:38:03:645; 9.690000; 8.552500; 235.563800; 
2023.10.20_16:38:03:745; 9.862300; 8.724800; 235.607800; 
2023.10.20_16:38:03:845; 9.892400; 8.790400; 235.607800; 
2023.10.20_16:38:03:945; 9.919700; 8.798600; 235.607800; 
2023.10.20_16:38:04:045; 10.450200; 8.560700; 233.783900; 
2023.10.20_16:38:04:145; 10.234100; 8.689300; 233.915800; 
2023.10.20_16:38:04:245; 9.821300; 8.404900; 233.915800; 
2023.10.20_16:38:04:345; 9.728300; 8.440400; 233.893800; 
2023.10.20_16:38:04:445; 9.550600; 8.216200; 232.663300; 
2023.10.20_16:38:04:545; 9.457600; 8.087700; 227.345500; 
2023.10.20_16:38:04:645; 9.422100; 8.579900; 227.543300; 
2023.10.20_16:38:04:745; 9.558800; 8.667400; 227.587300; 
2023.10.20_16:38:04:845; 9.206000; 8.842400; 227.609200; 
2023.10.20_16:38:04:945; 9.342800; 8.681100; 229.279300; 
2023.10.20_16:38:05:045; 9.309900; 8.935300; 229.323200; 
2023.10.20_16:38:05:145; 9.471300; 8.847900; 229.345200; 
2023.10.20_16:38:05:245; 9.711900; 9.334600; 229.323200; 
2023.10.20_16:38:05:345; 9.643500; 9.528700; 225.851300; 
2023.10.20_16:38:05:445; 9.736500; 9.252500; 225.631600; 
2023.10.20_16:38:05:545; 9.621700; 9.329100; 225.609600; 
2023.10.20_16:38:05:645; 9.227900; 8.984600; 225.609600; 
2023.10.20_16:38:05:745; 9.340000; 8.979100; 226.576400; 
2023.10.20_16:38:05:845; 9.181400; 8.672900; 226.488600; 
2023.10.20_16:38:05:945; 9.337300; 8.845100; 226.510500; 
2023.10.20_16:38:06:045; 9.443900; 8.743900; 226.488600; 
2023.10.20_16:38:06:145; 9.195100; 8.708400; 225.323900; 
2023.10.20_16:38:06:245; 9.594300; 8.435000; 225.433800; 
2023.10.20_16:38:06:345; 9.088500; 8.415800; 225.477800; 
2023.10.20_16:38:06:445; 8.823200; 8.216200; 225.477800; 
2023.10.20_16:38:06:545; 8.973600; 8.262700; 223.675900; 
2023.10.20_16:38:06:645; 8.886100; 8.126000; 223.588000; 
2023.10.20_16:38:06:745; 9.124000; 7.970100; 223.544000; 
2023.10.20_16:38:06:845; 9.022800; 7.762300; 223.522100; 
2023.10.20_16:38:06:945; 9.217000; 7.724100; 223.324300; 
2023.10.20_16:38:07:045; 9.137700; 7.532700; 221.522400; 
2023.10.20_16:38:07:145; 9.145900; 7.587300; 221.566400; 
2023.10.20_16:38:07:245; 9.165000; 7.737700; 221.588300; 
2023.10.20_16:38:07:345; 8.970900; 7.259200; 221.632300; 
2023.10.20_16:38:07:445; 9.214200; 7.275600; 225.367900; 
2023.10.20_16:38:07:545; 9.063900; 7.117000; 225.653500; 
2023.10.20_16:38:07:645; 8.968200; 7.043200; 225.675500; 
2023.10.20_16:38:07:745; 8.921700; 6.696000; 225.741400; 
2023.10.20_16:38:07:845; 8.828700; 6.354200; 225.060200; 
2023.10.20_16:38:07:945; 8.812300; 6.255700; 225.148100; 
2023.10.20_16:38:08:045; 8.998200; 6.318600; 225.148100; 
2023.10.20_16:38:08:145; 8.908000; 6.433500; 225.148100; 
2023.10.20_16:38:08:245; 8.730300; 6.452600; 223.038600; 
2023.10.20_16:38:08:345; 8.746700; 6.313200; 223.390200; 
2023.10.20_16:38:08:445; 8.689300; 6.706900; 223.302300; 
2023.10.20_16:38:08:545; 8.929900; 7.406900; 223.346300; 
2023.10.20_16:38:08:645; 8.817800; 7.289300; 228.554100; 
