TimeStamp_UTC; mm_ws_110m[m/s]; mm_ws_60m[m/s]; mm_wd_110m[deg]; 
2023.10.20_16:34:08:745; 11.185700; 9.621700; 236.245000; 
2023.10.20_16:34:08:845; 10.980600; 9.763800; 236.113200; 
2023.10.20_16:34:08:945; 10.876700; 10.045500; 236.091200; 
2023.10.20_16:34:09:045; 10.983300; 10.370900; 236.091200; 
2023.10.20_16:34:09:145; 10.734500; 10.018100; 237.167900; 
2023.10.20_16:34:09:245; 10.816500; 10.007200; 238.794000; 
2023.10.20_16:34:09:345; 10.606000; 9.834900; 238.881900; 
2023.10.20_16:34:09:445; 10.245100; 9.807600; 238.794000; 
2023.10.20_16:34:09:545; 10.195900; 10.305200; 238.794000; 
2023.10.20_16:34:09:645; 10.327100; 10.061900; 237.893100; 
2023.10.20_16:34:09:745; 10.827500; 9.952500; 237.871100; 
2023.10.20_16:34:09:845; 10.720800; 10.228700; 237.827100; 
2023.10.20_16:34:09:945; 10.483000; 10.373600; 237.805200; 
2023.10.20_16:34:10:045; 10.433700; 10.466600; 239.760800; 
2023.10.20_16:34:10:145; 10.504800; 10.444700; 239.760800; 
2023.10.20_16:34:10:245; 10.879400; 10.267000; 239.782800; 
2023.10.20_16:34:10:345; 10.953300; 10.400900; 239.760800; 
2023.10.20_16:34:10:445; 10.797400; 10.379100; 243.584300; 
2023.10.20_16:34:10:545; 10.868500; 10.403700; 243.452500; 
2023.10.20_16:34:10:645; 11.073600; 10.264200; 243.408500; 
2023.10.20_16:34:10:745; 10.611500; 9.859500; 243.408500; 
2023.10.20_16:34:10:845; 10.370900; 10.152100; 241.277100; 
2023.10.20_16:34:10:945; 10.414600; 9.736500; 241.364900; 
2023.10.20_16:34:11:045; 11.185700; 9.758400; 241.364900; 
2023.10.20_16:34:11:145; 10.775500; 9.547800; 241.343000; 
2023.10.20_16:34:11:245; 10.863000; 9.914200; 241.255100; 
2023.10.20_16:34:11:345; 10.956000; 9.763800; 241.211100; 
2023.10.20_16:34:11:445; 10.699000; 10.053700; 241.211100; 
2023.10.20_16:34:11:545; 10.502100; 10.012700; 241.255100; 
2023.10.20_16:34:11:645; 10.565000; 9.638100; 240.771700; 
2023.10.20_16:34:11:745; 10.595100; 9.714600; 239.277400; 
2023.10.20_16:34:11:845; 10.898600; 9.854100; 239.321400; 
2023.10.20_16:34:11:945; 11.098200; 10.050900; 239.321400; 
2023.10.20_16:34:12:045; 11.229400; 9.938800; 239.365300; 
2023.10.20_16:34:12:145; 11.131000; 10.305200; 240.508000; 
2023.10.20_16:34:12:245; 11.021600; 10.327100; 240.464000; 
2023.10.20_16:34:12:345; 10.767300; 10.165800; 240.464000; 
2023.10.20_16:34:12:445; 10.961500; 10.127500; 240.486000; 
2023.10.20_16:34:12:545; 10.756400; 9.897800; 237.893100; 
2023.10.20_16:34:12:645; 10.977900; 10.135700; 238.156800; 
2023.10.20_16:34:12:745; 11.013400; 9.988100; 238.200700; 
2023.10.20_16:34:12:845; 11.068100; 9.599800; 238.222700; 
2023.10.20_16:34:12:945; 11.051700; 9.919700; 239.035700; 
2023.10.20_16:34:13:045; 11.445400; 9.875900; 239.211500; 
2023.10.20_16:34:13:145; 11.366100; 9.665400; 239.233500; 
2023.10.20_16:34:13:245; 11.445400; 9.856800; 239.211500; 
2023.10.20_16:34:13:345; 11.163800; 10.291600; 239.035700; 
2023.10.20_16:34:13:445; 11.070800; 10.411900; 238.947800; 
2023.10.20_16:34:13:545; 10.830200; 10.543100; 238.969800; 
2023.10.20_16:34:13:645; 10.608700; 10.715400; 238.947800; 
2023.10.20_16:34:13:745; 10.660700; 10.887600; 239.057700; 
2023.10.20_16:34:13:845; 10.742700; 11.385300; 240.200300; 
2023.10.20_16:34:13:945; 11.029800; 11.226700; 240.156400; 
2023.10.20_16:34:14:045; 11.084500; 11.265000; 240.112400; 
2023.10.20_16:34:14:145; 11.341500; 11.393500; 240.134400; 
2023.10.20_16:34:14:245; 11.229400; 11.401700; 240.617800; 
2023.10.20_16:34:14:345; 11.267700; 11.245800; 240.595900; 
2023.10.20_16:34:14:445; 11.265000; 11.475500; 240.595900; 
2023.10.20_16:34:14:545; 11.344300; 11.344300; 240.617800; 
2023.10.20_16:34:14:645; 11.133700; 11.128300; 240.222300; 
2023.10.20_16:34:14:745; 11.106400; 11.440000; 240.222300; 
2023.10.20_16:34:14:845; 11.278600; 11.385300; 240.178400; 
2023.10.20_16:34:14:945; 11.344300; 11.188400; 240.200300; 
2023.10.20_16:34:15:045; 11.448200; 11.163800; 241.364900; 
2023.10.20_16:34:15:145; 11.658700; 11.125500; 241.167200; 
2023.10.20_16:34:15:245; 11.803600; 10.802900; 241.189200; 
2023.10.20_16:34:15:345; 11.795400; 10.871200; 241.167200; 
2023.10.20_16:34:15:445; 11.653200; 10.745500; 240.595900; 
2023.10.20_16:34:15:545; 11.779000; 11.016200; 239.607000; 
2023.10.20_16:34:15:645; 11.683300; 10.677100; 239.607000; 
2023.10.20_16:34:15:745; 11.576700; 10.212300; 239.629000; 
2023.10.20_16:34:15:845; 11.508300; 9.974400; 239.475200; 
2023.10.20_16:34:15:945; 11.221200; 10.075600; 235.014500; 
2023.10.20_16:34:16:045; 11.111900; 10.283400; 235.080400; 
2023.10.20_16:34:16:145; 11.098200; 10.392700; 235.124300; 
2023.10.20_16:34:16:245; 11.092700; 10.286100; 235.036400; 
2023.10.20_16:34:16:345; 10.660700; 10.373600; 229.367100; 
2023.10.20_16:34:16:445; 10.677100; 10.338000; 229.323200; 
2023.10.20_16:34:16:545; 10.868500; 10.447400; 229.279300; 
2023.10.20_16:34:16:645; 10.822000; 10.414600; 229.301200; 
2023.10.20_16:34:16:745; 10.824800; 10.329800; 232.839000; 
2023.10.20_16:34:16:845; 10.731800; 10.245100; 232.905000; 
2023.10.20_16:34:16:945; 10.865800; 10.267000; 232.948900; 
2023.10.20_16:34:17:045; 10.731800; 10.253300; 232.948900; 
2023.10.20_16:34:17:145; 10.786500; 9.884200; 232.883000; 
2023.10.20_16:34:17:245; 10.761900; 9.608000; 232.905000; 
2023.10.20_16:34:17:345; 10.813800; 9.966200; 232.905000; 
2023.10.20_16:34:17:445; 10.731800; 9.845900; 232.905000; 
2023.10.20_16:34:17:545; 10.565000; 9.640800; 229.938500; 
2023.10.20_16:34:17:645; 10.474800; 9.711900; 230.158200; 
2023.10.20_16:34:17:745; 10.316200; 9.733800; 230.114300; 
2023.10.20_16:34:17:845; 10.280600; 9.443900; 230.114300; 
2023.10.20_16:34:17:945; 10.318900; 9.788500; 230.531800; 
2023.10.20_16:34:18:045; 10.097400; 9.547800; 232.069900; 
2023.10.20_16:34:18:145; 10.070100; 9.433000; 231.982100; 
2023.10.20_16:34:18:245; 10.220500; 9.690000; 231.982100; 
2023.10.20_16:34:18:345; 10.094700; 9.629900; 232.004000; 
2023.10.20_16:34:18:445; 10.171300; 9.610700; 232.509400; 
2023.10.20_16:34:18:545; 10.100200; 9.698200; 232.509400; 
2023.10.20_16:34:18:645; 10.726300; 9.766600; 232.531400; 
2023.10.20_16:34:18:745; 10.433700; 9.575200; 232.531400; 
2023.10.20_16:34:18:845; 10.368100; 9.659900; 232.773100; 
2023.10.20_16:34:18:945; 10.390000; 9.687300; 232.751100; 
2023.10.20_16:34:19:045; 10.220500; 9.293500; 232.773100; 
2023.10.20_16:34:19:145; 10.578700; 9.627100; 232.751100; 
2023.10.20_16:34:19:245; 10.302500; 9.394700; 234.860600; 
2023.10.20_16:34:19:345; 10.130200; 9.736500; 234.640900; 
2023.10.20_16:34:19:445; 10.133000; 9.834900; 234.597000; 
2023.10.20_16:34:19:545; 10.368100; 9.936100; 234.553000; 
2023.10.20_16:34:19:645; 10.488400; 9.990800; 235.300100; 
2023.10.20_16:34:19:745; 10.256000; 10.261500; 235.519900; 
2023.10.20_16:34:19:845; 10.204100; 10.425500; 235.453900; 
2023.10.20_16:34:19:945; 10.272400; 10.124800; 235.541800; 
2023.10.20_16:34:20:045; 10.422800; 9.949800; 232.465500; 
2023.10.20_16:34:20:145; 10.843900; 10.261500; 230.905300; 
2023.10.20_16:34:20:245; 10.786500; 10.338000; 230.773500; 
2023.10.20_16:34:20:345; 10.791900; 10.291600; 230.663600; 
2023.10.20_16:34:20:445; 10.611500; 10.127500; 230.729500; 
2023.10.20_16:34:20:545; 10.513000; 10.234100; 231.059100; 
2023.10.20_16:34:20:645; 10.871200; 10.261500; 231.037200; 
2023.10.20_16:34:20:745; 10.701700; 9.968900; 231.037200; 
2023.10.20_16:34:20:845; 10.770100; 9.668100; 230.993200; 
2023.10.20_16:34:20:945; 10.956000; 10.310700; 231.454700; 
2023.10.20_16:34:21:045; 10.887600; 9.865000; 231.498600; 
2023.10.20_16:34:21:145; 10.925900; 9.340000; 231.498600; 
2023.10.20_16:34:21:245; 10.934100; 9.438500; 231.542600; 
2023.10.20_16:34:21:345; 11.098200; 9.364600; 230.685600; 
2023.10.20_16:34:21:445; 11.079000; 9.263500; 230.180200; 
2023.10.20_16:34:21:545; 11.081800; 9.766600; 230.224100; 
2023.10.20_16:34:21:645; 10.852100; 9.892400; 230.246100; 
2023.10.20_16:34:21:745; 10.909500; 9.561500; 230.685600; 
2023.10.20_16:34:21:845; 11.185700; 9.826700; 231.125100; 
2023.10.20_16:34:21:945; 11.254000; 9.397400; 231.147000; 
2023.10.20_16:34:22:045; 11.308700; 9.186900; 231.125100; 
2023.10.20_16:34:22:145; 11.262200; 9.627100; 230.729500; 
2023.10.20_16:34:22:245; 11.210300; 9.389200; 230.092300; 
2023.10.20_16:34:22:345; 11.213000; 9.665400; 230.092300; 
2023.10.20_16:34:22:445; 10.994300; 9.944300; 230.092300; 
2023.10.20_16:34:22:545; 10.854800; 9.739200; 230.114300; 
2023.10.20_16:34:22:645; 10.854800; 9.638100; 230.531800; 
2023.10.20_16:34:22:745; 10.966900; 9.892400; 230.553700; 
2023.10.20_16:34:22:845; 11.390800; 10.001700; 230.531800; 
2023.10.20_16:34:22:945; 10.753700; 9.903300; 230.575700; 
2023.10.20_16:34:23:045; 10.540400; 10.086500; 233.520200; 
2023.10.20_16:34:23:145; 10.720800; 9.774800; 233.498300; 
2023.10.20_16:34:23:245; 10.606000; 9.613500; 233.498300; 
2023.10.20_16:34:23:345; 10.417300; 9.583400; 233.564200; 
2023.10.20_16:34:23:445; 10.865800; 9.848600; 234.113500; 
2023.10.20_16:34:23:545; 11.270400; 9.763800; 234.135500; 
2023.10.20_16:34:23:645; 11.522000; 9.758400; 234.157500; 
2023.10.20_16:34:23:745; 11.155600; 10.138400; 234.157500; 
2023.10.20_16:34:23:845; 11.141900; 9.881400; 236.442800; 
2023.10.20_16:34:23:945; 11.360700; 9.829500; 236.267000; 
2023.10.20_16:34:24:045; 11.065400; 9.824000; 236.354900; 
2023.10.20_16:34:24:145; 10.761900; 9.851300; 236.332900; 
2023.10.20_16:34:24:245; 10.988800; 9.610700; 236.486700; 
2023.10.20_16:34:24:345; 10.898600; 10.171300; 237.321700; 
2023.10.20_16:34:24:445; 10.947800; 9.949800; 237.299800; 
2023.10.20_16:34:24:545; 11.005200; 9.788500; 237.299800; 
2023.10.20_16:34:24:645; 10.958700; 9.979900; 237.299800; 
2023.10.20_16:34:24:745; 11.180200; 9.750200; 238.925800; 
2023.10.20_16:34:24:845; 10.994300; 9.766600; 238.969800; 
2023.10.20_16:34:24:945; 10.925900; 9.575200; 238.991800; 
2023.10.20_16:34:25:045; 11.103700; 9.777500; 239.013700; 
2023.10.20_16:34:25:145; 10.874000; 9.564200; 239.629000; 
2023.10.20_16:34:25:245; 10.884900; 9.515000; 239.607000; 
2023.10.20_16:34:25:345; 10.696200; 9.378300; 239.629000; 
2023.10.20_16:34:25:445; 11.079000; 9.558800; 239.651000; 
2023.10.20_16:34:25:545; 10.750900; 9.227900; 239.343300; 
2023.10.20_16:34:25:645; 10.633400; 8.804100; 239.343300; 
2023.10.20_16:34:25:745; 10.589600; 9.066600; 239.365300; 
2023.10.20_16:34:25:845; 10.715400; 8.932600; 239.299400; 
2023.10.20_16:34:25:945; 10.611500; 8.965400; 244.265500; 
2023.10.20_16:34:26:045; 10.668900; 8.908000; 243.913900; 
2023.10.20_16:34:26:145; 10.707200; 8.927100; 243.804100; 
2023.10.20_16:34:26:245; 10.581400; 8.916200; 243.760100; 
2023.10.20_16:34:26:345; 10.789200; 8.968200; 239.629000; 
2023.10.20_16:34:26:445; 11.114600; 9.422100; 239.299400; 
2023.10.20_16:34:26:545; 11.128300; 9.512300; 239.145600; 
2023.10.20_16:34:26:645; 11.068100; 9.547800; 239.101600; 
2023.10.20_16:34:26:745; 10.827500; 9.698200; 238.794000; 
2023.10.20_16:34:26:845; 11.598600; 9.605300; 236.179100; 
2023.10.20_16:34:26:945; 11.207600; 9.561500; 235.937400; 
2023.10.20_16:34:27:045; 11.336100; 9.733800; 236.003300; 
2023.10.20_16:34:27:145; 11.079000; 9.665400; 235.937400; 
2023.10.20_16:34:27:245; 11.158300; 9.862300; 232.201800; 
2023.10.20_16:34:27:345; 10.956000; 9.774800; 231.982100; 
2023.10.20_16:34:27:445; 11.062600; 9.802100; 231.894200; 
2023.10.20_16:34:27:545; 10.652500; 9.717400; 231.850200; 
2023.10.20_16:34:27:645; 10.534900; 10.242300; 234.772800; 
2023.10.20_16:34:27:745; 10.685300; 9.851300; 234.487100; 
2023.10.20_16:34:27:845; 10.545900; 9.755600; 234.421200; 
2023.10.20_16:34:27:945; 10.264200; 9.897800; 234.399200; 
2023.10.20_16:34:28:045; 10.584100; 9.698200; 240.112400; 
2023.10.20_16:34:28:145; 10.857600; 9.752900; 239.519100; 
2023.10.20_16:34:28:245; 10.925900; 10.081000; 239.453200; 
2023.10.20_16:34:28:345; 10.753700; 9.952500; 239.431200; 
2023.10.20_16:34:28:445; 10.674400; 9.744700; 237.453600; 
2023.10.20_16:34:28:545; 10.398200; 9.427500; 236.289000; 
2023.10.20_16:34:28:645; 10.616900; 9.892400; 236.179100; 
2023.10.20_16:34:28:745; 11.193900; 9.917000; 236.179100; 
2023.10.20_16:34:28:845; 11.065400; 9.695500; 234.289300; 
2023.10.20_16:34:28:945; 11.076300; 9.635300; 232.201800; 
2023.10.20_16:34:29:045; 11.147400; 9.774800; 232.135900; 
2023.10.20_16:34:29:145; 11.013400; 9.561500; 232.091900; 
2023.10.20_16:34:29:245; 11.010700; 10.135700; 232.289700; 
2023.10.20_16:34:29:345; 11.051700; 9.807600; 236.245000; 
2023.10.20_16:34:29:445; 10.893100; 9.605300; 236.091200; 
2023.10.20_16:34:29:545; 10.843900; 9.862300; 236.113200; 
2023.10.20_16:34:29:645; 10.901300; 9.706400; 236.091200; 
2023.10.20_16:34:29:745; 11.131000; 9.670900; 234.575000; 
2023.10.20_16:34:29:845; 12.175500; 9.766600; 234.509100; 
2023.10.20_16:34:29:945; 11.833700; 9.684500; 234.509100; 
2023.10.20_16:34:30:045; 11.981400; 9.402900; 234.509100; 
2023.10.20_16:34:30:145; 12.161800; 9.979900; 230.993200; 
2023.10.20_16:34:30:245; 12.118100; 9.927900; 231.213000; 
2023.10.20_16:34:30:345; 11.606800; 9.706400; 231.147000; 
2023.10.20_16:34:30:445; 11.727100; 9.982600; 231.147000; 
2023.10.20_16:34:30:545; 11.054400; 9.979900; 231.476700; 
2023.10.20_16:34:30:645; 10.925900; 9.919700; 232.179800; 
2023.10.20_16:34:30:745; 10.753700; 9.952500; 232.179800; 
2023.10.20_16:34:30:845; 11.111900; 10.351700; 232.179800; 
2023.10.20_16:34:30:945; 11.035300; 9.988100; 234.245400; 
2023.10.20_16:34:31:045; 11.330600; 9.791200; 241.716500; 
2023.10.20_16:34:31:145; 11.141900; 9.933400; 241.562700; 
2023.10.20_16:34:31:245; 11.035300; 10.086500; 241.518800; 
2023.10.20_16:34:31:345; 11.172000; 10.343500; 241.474800; 
2023.10.20_16:34:31:445; 11.232200; 10.059100; 241.452900; 
2023.10.20_16:34:31:545; 10.912300; 10.308000; 241.452900; 
2023.10.20_16:34:31:645; 10.838400; 10.565000; 241.452900; 
2023.10.20_16:34:31:745; 10.581400; 10.444700; 241.452900; 
2023.10.20_16:34:31:845; 10.570500; 10.578700; 241.760500; 
2023.10.20_16:34:31:945; 10.425500; 10.586900; 241.782500; 
2023.10.20_16:34:32:045; 10.286100; 10.354500; 241.804400; 
2023.10.20_16:34:32:145; 10.316200; 10.688000; 241.738500; 
2023.10.20_16:34:32:245; 9.952500; 10.641600; 242.595500; 
2023.10.20_16:34:32:345; 10.575900; 10.928700; 242.595500; 
2023.10.20_16:34:32:445; 10.154800; 10.805600; 242.573500; 
2023.10.20_16:34:32:545; 10.059100; 10.491200; 242.573500; 
2023.10.20_16:34:32:645; 10.234100; 10.677100; 243.320600; 
2023.10.20_16:34:32:745; 10.122000; 10.362700; 245.078600; 
2023.10.20_16:34:32:845; 10.122000; 10.258800; 245.144500; 
2023.10.20_16:34:32:945; 9.999000; 10.474800; 245.166500; 
2023.10.20_16:34:33:045; 10.026300; 10.234100; 245.254300; 
2023.10.20_16:34:33:145; 9.854100; 10.455600; 246.616700; 
2023.10.20_16:34:33:245; 9.919700; 10.532200; 246.572800; 
2023.10.20_16:34:33:345; 10.083800; 10.540400; 246.550800; 
2023.10.20_16:34:33:445; 10.029100; 10.565000; 246.550800; 
2023.10.20_16:34:33:545; 10.603300; 10.734500; 244.507200; 
2023.10.20_16:34:33:645; 10.545900; 11.284100; 244.375400; 
2023.10.20_16:34:33:745; 10.461100; 11.172000; 244.353400; 
2023.10.20_16:34:33:845; 10.674400; 11.158300; 244.287500; 
2023.10.20_16:34:33:945; 10.660700; 11.109100; 243.804100; 
2023.10.20_16:34:34:045; 10.485700; 11.565700; 243.760100; 
2023.10.20_16:34:34:145; 10.450200; 11.748900; 243.760100; 
2023.10.20_16:34:34:245; 10.094700; 11.937600; 243.760100; 
2023.10.20_16:34:34:345; 10.133000; 11.677900; 244.287500; 
2023.10.20_16:34:34:445; 10.108400; 11.486500; 244.331400; 
2023.10.20_16:34:34:545; 10.474800; 11.530200; 244.331400; 
2023.10.20_16:34:34:645; 10.297000; 11.273200; 244.309500; 
2023.10.20_16:34:34:745; 10.187700; 11.070800; 241.145200; 
2023.10.20_16:34:34:845; 10.045500; 10.882200; 241.518800; 
2023.10.20_16:34:34:945; 9.925200; 10.622400; 241.540700; 
2023.10.20_16:34:35:045; 10.105600; 11.133700; 241.584700; 
2023.10.20_16:34:35:145; 9.996300; 10.630600; 244.111700; 
2023.10.20_16:34:35:245; 9.799400; 10.444700; 245.034600; 
2023.10.20_16:34:35:345; 10.045500; 10.362700; 245.166500; 
2023.10.20_16:34:35:445; 10.228700; 10.050900; 245.210400; 
2023.10.20_16:34:35:545; 10.089200; 10.253300; 245.210400; 
2023.10.20_16:34:35:645; 10.072800; 9.892400; 242.815200; 
2023.10.20_16:34:35:745; 10.245100; 9.747400; 242.903100; 
2023.10.20_16:34:35:845; 10.417300; 9.829500; 242.947100; 
2023.10.20_16:34:35:945; 10.294300; 9.834900; 242.947100; 
2023.10.20_16:34:36:045; 10.545900; 9.717400; 242.134000; 
2023.10.20_16:34:36:145; 10.515800; 9.826700; 242.090100; 
2023.10.20_16:34:36:245; 10.502100; 10.217700; 242.090100; 
2023.10.20_16:34:36:345; 10.636100; 10.258800; 242.090100; 
2023.10.20_16:34:36:445; 10.472000; 10.603300; 240.595900; 
2023.10.20_16:34:36:545; 10.130200; 10.127500; 239.738900; 
2023.10.20_16:34:36:645; 10.390000; 10.209500; 239.804800; 
2023.10.20_16:34:36:745; 10.485700; 10.217700; 239.804800; 
2023.10.20_16:34:36:845; 10.606000; 9.736500; 240.244300; 
2023.10.20_16:34:36:945; 10.723600; 10.067300; 240.200300; 
2023.10.20_16:34:37:045; 10.865800; 9.498600; 240.222300; 
2023.10.20_16:34:37:145; 10.800100; 9.206000; 240.200300; 
2023.10.20_16:34:37:245; 10.759100; 9.875900; 239.980600; 
2023.10.20_16:34:37:345; 10.510300; 10.031800; 239.673000; 
2023.10.20_16:34:37:445; 10.455600; 10.258800; 239.673000; 
2023.10.20_16:34:37:545; 10.663400; 10.228700; 239.673000; 
2023.10.20_16:34:37:645; 10.513000; 10.950500; 239.365300; 
2023.10.20_16:34:37:745; 10.020900; 10.652500; 238.662200; 
2023.10.20_16:34:37:845; 9.930600; 10.135700; 238.706100; 
2023.10.20_16:34:37:945; 9.766600; 9.958000; 238.706100; 
2023.10.20_16:34:38:045; 9.558800; 10.023600; 238.530300; 
2023.10.20_16:34:38:145; 9.433000; 9.886900; 228.158600; 
2023.10.20_16:34:38:245; 9.550600; 9.613500; 228.202500; 
2023.10.20_16:34:38:345; 9.422100; 9.277100; 228.202500; 
2023.10.20_16:34:38:445; 9.914200; 9.856800; 228.224500; 
2023.10.20_16:34:38:545; 9.572400; 9.558800; 235.783600; 
2023.10.20_16:34:38:645; 9.260700; 9.627100; 235.761600; 
2023.10.20_16:34:38:745; 9.670900; 9.769300; 235.673700; 
2023.10.20_16:34:38:845; 9.517800; 10.102900; 235.695700; 
2023.10.20_16:34:38:945; 9.602500; 10.190400; 232.333600; 
2023.10.20_16:34:39:045; 10.029100; 10.327100; 232.091900; 
2023.10.20_16:34:39:145; 9.949800; 10.562300; 232.026000; 
2023.10.20_16:34:39:245; 9.892400; 10.373600; 231.938100; 
2023.10.20_16:34:39:345; 10.526700; 10.518500; 233.981700; 
2023.10.20_16:34:39:445; 10.122000; 10.332600; 241.672600; 
2023.10.20_16:34:39:545; 9.788500; 10.474800; 241.452900; 
2023.10.20_16:34:39:645; 9.862300; 10.603300; 241.386900; 
2023.10.20_16:34:39:745; 10.086500; 10.097400; 241.474800; 
2023.10.20_16:34:39:845; 10.193100; 10.349000; 242.134000; 
2023.10.20_16:34:39:945; 9.881400; 10.111100; 242.068100; 
2023.10.20_16:34:40:045; 9.649000; 10.759100; 242.090100; 
2023.10.20_16:34:40:145; 9.599800; 10.540400; 242.046100; 
2023.10.20_16:34:40:245; 9.539600; 10.297000; 237.629400; 
2023.10.20_16:34:40:345; 9.523200; 10.179500; 237.431600; 
2023.10.20_16:34:40:445; 9.651700; 9.968900; 237.343700; 
2023.10.20_16:34:40:545; 9.747400; 10.168500; 237.365700; 
2023.10.20_16:34:40:645; 9.736500; 10.029100; 237.651400; 
2023.10.20_16:34:40:745; 9.867700; 9.968900; 237.629400; 
2023.10.20_16:34:40:845; 9.731000; 10.034500; 237.629400; 
2023.10.20_16:34:40:945; 9.840400; 9.955200; 237.629400; 
2023.10.20_16:34:41:045; 9.832200; 9.766600; 238.222700; 
2023.10.20_16:34:41:145; 9.610700; 9.545100; 238.178700; 
2023.10.20_16:34:41:245; 9.608000; 9.772000; 238.156800; 
2023.10.20_16:34:41:345; 9.662700; 9.361900; 238.134800; 
2023.10.20_16:34:41:445; 9.484900; 9.348200; 236.948200; 
2023.10.20_16:34:41:545; 9.515000; 9.227900; 236.552600; 
2023.10.20_16:34:41:645; 9.599800; 9.028300; 236.508700; 
2023.10.20_16:34:41:745; 9.433000; 9.255300; 236.486700; 
2023.10.20_16:34:41:845; 10.040000; 8.869700; 236.816300; 
2023.10.20_16:34:41:945; 10.113800; 9.135000; 244.463300; 
2023.10.20_16:34:42:045; 9.900600; 8.853300; 244.221600; 
2023.10.20_16:34:42:145; 9.889600; 9.135000; 244.155700; 
2023.10.20_16:34:42:245; 9.832200; 9.080300; 244.155700; 
2023.10.20_16:34:42:345; 9.659900; 9.225200; 239.255400; 
2023.10.20_16:34:42:445; 9.367400; 9.438500; 238.903900; 
2023.10.20_16:34:42:545; 9.687300; 9.397400; 238.816000; 
2023.10.20_16:34:42:645; 9.955200; 9.427500; 238.772000; 
2023.10.20_16:34:42:745; 9.892400; 9.318200; 237.651400; 
2023.10.20_16:34:42:845; 9.867700; 9.080300; 237.849100; 
2023.10.20_16:34:42:945; 10.031800; 9.271700; 237.827100; 
2023.10.20_16:34:43:045; 9.701000; 9.170500; 237.827100; 
2023.10.20_16:34:43:145; 10.018100; 9.567000; 239.167600; 
2023.10.20_16:34:43:245; 10.097400; 9.006400; 238.969800; 
2023.10.20_16:34:43:345; 10.034500; 8.722100; 238.969800; 
2023.10.20_16:34:43:445; 9.952500; 8.888900; 238.991800; 
2023.10.20_16:34:43:545; 10.048200; 8.588100; 242.353800; 
2023.10.20_16:34:43:645; 9.996300; 8.927100; 242.002200; 
2023.10.20_16:34:43:745; 9.944300; 8.620900; 242.002200; 
2023.10.20_16:34:43:845; 9.629900; 8.787700; 241.980200; 
2023.10.20_16:34:43:945; 9.556000; 8.281900; 237.387700; 
2023.10.20_16:34:44:045; 9.348200; 8.629100; 233.212600; 
2023.10.20_16:34:44:145; 9.752900; 8.328300; 233.080700; 
2023.10.20_16:34:44:245; 9.627100; 8.585400; 233.036800; 
2023.10.20_16:34:44:345; 9.504100; 8.462300; 233.124700; 
2023.10.20_16:34:44:445; 9.676300; 8.344700; 239.958600; 
2023.10.20_16:34:44:545; 9.897800; 8.899800; 239.848700; 
2023.10.20_16:34:44:645; 9.654500; 8.555300; 239.848700; 
2023.10.20_16:34:44:745; 9.867700; 9.091200; 239.848700; 
2023.10.20_16:34:44:845; 9.977100; 8.760400; 237.233800; 
2023.10.20_16:34:44:945; 9.821300; 9.113100; 237.255800; 
2023.10.20_16:34:45:045; 9.627100; 8.738500; 237.299800; 
2023.10.20_16:34:45:145; 9.824000; 9.074800; 237.299800; 
2023.10.20_16:34:45:245; 9.654500; 8.610000; 239.365300; 
2023.10.20_16:34:45:345; 9.556000; 8.970900; 239.233500; 
2023.10.20_16:34:45:445; 9.580600; 8.569000; 239.233500; 
2023.10.20_16:34:45:545; 9.490400; 9.061100; 239.233500; 
2023.10.20_16:34:45:645; 9.457600; 8.694700; 237.937000; 
2023.10.20_16:34:45:745; 9.651700; 8.929900; 237.849100; 
2023.10.20_16:34:45:845; 9.586100; 8.377500; 237.893100; 
2023.10.20_16:34:45:945; 9.441200; 8.303700; 237.871100; 
2023.10.20_16:34:46:045; 9.441200; 8.210800; 237.893100; 
2023.10.20_16:34:46:145; 9.564200; 8.172500; 240.464000; 
2023.10.20_16:34:46:245; 9.326400; 8.177900; 240.442000; 
2023.10.20_16:34:46:345; 9.118500; 8.240800; 240.398100; 
2023.10.20_16:34:46:445; 9.561500; 8.383000; 240.398100; 
2023.10.20_16:34:46:545; 9.309900; 8.492400; 236.860300; 
2023.10.20_16:34:46:645; 9.427500; 8.328300; 236.838300; 
2023.10.20_16:34:46:745; 9.266200; 8.358400; 236.772400; 
2023.10.20_16:34:46:845; 9.129500; 7.986500; 236.750400; 
2023.10.20_16:34:46:945; 9.025600; 8.065800; 232.729200; 
2023.10.20_16:34:47:045; 9.036500; 8.054900; 232.575300; 
2023.10.20_16:34:47:145; 9.244300; 8.115100; 232.685200; 
2023.10.20_16:34:47:245; 9.400200; 8.087700; 232.685200; 
2023.10.20_16:34:47:345; 9.208800; 8.087700; 233.080700; 
2023.10.20_16:34:47:445; 9.266200; 8.355700; 233.036800; 
2023.10.20_16:34:47:545; 9.288100; 8.467800; 233.014800; 
2023.10.20_16:34:47:645; 9.159600; 8.779500; 233.036800; 
2023.10.20_16:34:47:745; 9.288100; 8.779500; 232.905000; 
2023.10.20_16:34:47:845; 9.200600; 9.044700; 232.861000; 
2023.10.20_16:34:47:945; 9.140400; 8.973600; 232.839000; 
2023.10.20_16:34:48:045; 8.916200; 9.356400; 232.883000; 
2023.10.20_16:34:48:145; 8.741200; 9.110300; 233.124700; 
2023.10.20_16:34:48:245; 8.806800; 9.110300; 235.300100; 
2023.10.20_16:34:48:345; 8.962700; 9.072100; 235.124300; 
2023.10.20_16:34:48:445; 8.847900; 8.886100; 235.168300; 
2023.10.20_16:34:48:545; 8.623600; 9.186900; 235.080400; 
2023.10.20_16:34:48:645; 8.579900; 8.935300; 233.388400; 
2023.10.20_16:34:48:745; 8.394000; 9.154100; 233.454300; 
2023.10.20_16:34:48:845; 8.385800; 8.864300; 233.476300; 
2023.10.20_16:34:48:945; 8.402200; 8.965400; 233.498300; 
2023.10.20_16:34:49:045; 8.607200; 8.839600; 234.443100; 
2023.10.20_16:34:49:145; 8.522500; 8.935300; 234.509100; 
2023.10.20_16:34:49:245; 8.363900; 8.954500; 234.509100; 
2023.10.20_16:34:49:345; 8.402200; 8.905300; 234.531000; 
2023.10.20_16:34:49:445; 8.314700; 8.708400; 236.047200; 
2023.10.20_16:34:49:545; 8.451400; 8.672900; 236.135100; 
2023.10.20_16:34:49:645; 8.213500; 8.574400; 236.157100; 
2023.10.20_16:34:49:745; 8.377500; 8.634600; 236.179100; 
2023.10.20_16:34:49:845; 8.295500; 8.519700; 237.497500; 
2023.10.20_16:34:49:945; 8.235400; 8.519700; 237.365700; 
2023.10.20_16:34:50:045; 8.503300; 8.303700; 237.343700; 
2023.10.20_16:34:50:145; 8.213500; 8.270900; 237.343700; 
2023.10.20_16:34:50:245; 8.462300; 7.918200; 237.233800; 
2023.10.20_16:34:50:345; 8.363900; 8.112300; 237.124000; 
2023.10.20_16:34:50:445; 8.730300; 7.910000; 237.124000; 
2023.10.20_16:34:50:545; 8.656400; 7.745900; 237.124000; 
2023.10.20_16:34:50:645; 9.118500; 7.803300; 236.970200; 
2023.10.20_16:34:50:745; 8.897100; 7.658400; 227.345500; 
2023.10.20_16:34:50:845; 8.790400; 7.554500; 227.631200; 
2023.10.20_16:34:50:945; 8.415800; 7.371300; 227.433400; 
2023.10.20_16:34:51:045; 8.404900; 7.387700; 227.455400; 
2023.10.20_16:34:51:145; 8.104100; 7.130700; 230.531800; 
2023.10.20_16:34:51:245; 8.219000; 7.305700; 230.641600; 
2023.10.20_16:34:51:345; 8.117800; 7.447900; 230.685600; 
2023.10.20_16:34:51:445; 7.825200; 7.385000; 230.707600; 
2023.10.20_16:34:51:545; 7.989300; 7.450600; 232.641300; 
2023.10.20_16:34:51:645; 8.068600; 7.811500; 232.619300; 
2023.10.20_16:34:51:745; 8.131500; 7.992000; 232.619300; 
2023.10.20_16:34:51:845; 8.350200; 7.855300; 232.641300; 
2023.10.20_16:34:51:945; 8.314700; 8.188900; 235.805500; 
2023.10.20_16:34:52:045; 8.623600; 8.227200; 235.519900; 
2023.10.20_16:34:52:145; 8.429500; 8.251800; 235.497900; 
2023.10.20_16:34:52:245; 8.527900; 8.429500; 235.497900; 
2023.10.20_16:34:52:345; 8.270900; 7.934600; 235.607800; 
2023.10.20_16:34:52:445; 8.659200; 8.243600; 235.585800; 
2023.10.20_16:34:52:545; 8.651000; 8.270900; 235.585800; 
2023.10.20_16:34:52:645; 8.656400; 8.604500; 235.585800; 
2023.10.20_16:34:52:745; 8.823200; 8.615400; 234.531000; 
2023.10.20_16:34:52:845; 9.085700; 8.774000; 232.487500; 
2023.10.20_16:34:52:945; 8.957200; 8.754900; 232.465500; 
2023.10.20_16:34:53:045; 9.143200; 8.760400; 232.487500; 
2023.10.20_16:34:53:145; 9.219700; 8.809600; 232.421500; 
2023.10.20_16:34:53:245; 9.299000; 9.085700; 229.828600; 
2023.10.20_16:34:53:345; 9.454900; 8.905300; 229.718700; 
2023.10.20_16:34:53:445; 9.047500; 9.047500; 229.718700; 
2023.10.20_16:34:53:545; 8.968200; 8.872500; 229.718700; 
2023.10.20_16:34:53:645; 8.913500; 8.960000; 228.488200; 
2023.10.20_16:34:53:745; 8.610000; 8.768600; 228.422300; 
2023.10.20_16:34:53:845; 8.601800; 8.801400; 228.466200; 
2023.10.20_16:34:53:945; 8.571700; 8.719300; 228.488200; 
2023.10.20_16:34:54:045; 8.448600; 8.727500; 226.620400; 
2023.10.20_16:34:54:145; 8.322900; 8.560700; 226.466600; 
2023.10.20_16:34:54:245; 8.270900; 8.905300; 226.400700; 
2023.10.20_16:34:54:345; 8.013900; 8.700200; 226.356700; 
2023.10.20_16:34:54:445; 8.065800; 8.847900; 228.861700; 
2023.10.20_16:34:54:545; 8.003000; 8.705700; 229.652800; 
2023.10.20_16:34:54:645; 8.219000; 8.774000; 229.784700; 
2023.10.20_16:34:54:745; 8.566200; 8.440400; 229.828600; 
2023.10.20_16:34:54:845; 8.205300; 8.418600; 229.850600; 
2023.10.20_16:34:54:945; 8.344700; 8.139700; 230.092300; 
2023.10.20_16:34:55:045; 8.076800; 8.484200; 230.070300; 
2023.10.20_16:34:55:145; 8.511500; 8.221700; 230.048300; 
2023.10.20_16:34:55:245; 8.380300; 8.273600; 230.465900; 
2023.10.20_16:34:55:345; 8.459600; 8.194400; 236.113200; 
2023.10.20_16:34:55:445; 8.478700; 8.150600; 235.937400; 
2023.10.20_16:34:55:545; 8.380300; 8.038500; 235.849500; 
2023.10.20_16:34:55:645; 8.402200; 8.022100; 235.827500; 
2023.10.20_16:34:55:745; 8.262700; 8.003000; 233.124700; 
2023.10.20_16:34:55:845; 8.188900; 8.024800; 232.926900; 
2023.10.20_16:34:55:945; 8.172500; 7.945500; 232.905000; 
2023.10.20_16:34:56:045; 8.325600; 7.964700; 232.839000; 
2023.10.20_16:34:56:145; 8.314700; 8.068600; 238.354500; 
2023.10.20_16:34:56:245; 7.997500; 7.570900; 237.783200; 
2023.10.20_16:34:56:345; 8.213500; 7.691200; 237.717300; 
2023.10.20_16:34:56:445; 8.413100; 7.581900; 237.629400; 
2023.10.20_16:34:56:545; 8.495100; 7.458800; 236.486700; 
2023.10.20_16:34:56:645; 8.462300; 7.395900; 235.344100; 
2023.10.20_16:34:56:745; 8.437700; 7.620100; 235.300100; 
2023.10.20_16:34:56:845; 8.651000; 7.767800; 235.256200; 
2023.10.20_16:34:56:945; 8.344700; 7.475200; 235.102400; 
2023.10.20_16:34:57:045; 8.279100; 7.601000; 231.564500; 
2023.10.20_16:34:57:145; 8.235400; 7.488900; 231.498600; 
2023.10.20_16:34:57:245; 8.380300; 7.543600; 231.498600; 
2023.10.20_16:34:57:345; 8.213500; 7.751400; 231.608500; 
2023.10.20_16:34:57:445; 8.366600; 7.920900; 233.981700; 
2023.10.20_16:34:57:545; 8.229900; 7.735000; 233.959700; 
2023.10.20_16:34:57:645; 8.213500; 8.035800; 233.893800; 
2023.10.20_16:34:57:745; 8.366600; 8.150600; 233.937700; 
2023.10.20_16:34:57:845; 8.281900; 7.849800; 233.915800; 
2023.10.20_16:34:57:945; 8.350200; 7.992000; 233.959700; 
2023.10.20_16:34:58:045; 8.396700; 7.677600; 233.915800; 
2023.10.20_16:34:58:145; 8.456800; 7.732300; 233.915800; 
2023.10.20_16:34:58:245; 8.571700; 7.817000; 232.926900; 
2023.10.20_16:34:58:345; 8.448600; 8.030300; 233.036800; 
2023.10.20_16:34:58:445; 8.547100; 7.702200; 233.080700; 
2023.10.20_16:34:58:545; 8.413100; 7.642000; 233.080700; 
2023.10.20_16:34:58:645; 8.692000; 8.180700; 233.300500; 
2023.10.20_16:34:58:745; 8.459600; 8.303700; 233.476300; 
2023.10.20_16:34:58:845; 8.331100; 8.495100; 233.498300; 
2023.10.20_16:34:58:945; 8.284600; 8.500600; 233.476300; 
2023.10.20_16:34:59:045; 8.517000; 8.738500; 233.542200; 
2023.10.20_16:34:59:145; 8.322900; 8.984600; 233.608100; 
2023.10.20_16:34:59:245; 8.612700; 9.121300; 233.608100; 
2023.10.20_16:34:59:345; 8.675600; 8.935300; 233.608100; 
2023.10.20_16:34:59:445; 8.804100; 9.189600; 233.630100; 
2023.10.20_16:34:59:545; 8.713900; 9.102100; 235.959400; 
2023.10.20_16:34:59:645; 8.875200; 8.954500; 236.091200; 
2023.10.20_16:34:59:745; 8.735700; 8.918900; 236.069200; 
2023.10.20_16:34:59:845; 8.888900; 8.593600; 236.091200; 
2023.10.20_16:34:59:945; 8.798600; 8.347500; 233.586200; 
2023.10.20_16:35:00:045; 8.820500; 8.358400; 233.849800; 
2023.10.20_16:35:00:145; 8.951800; 8.339300; 233.871800; 
2023.10.20_16:35:00:245; 8.987300; 8.331100; 233.871800; 
2023.10.20_16:35:00:345; 9.495900; 8.027600; 233.674100; 
2023.10.20_16:35:00:445; 9.025600; 8.082200; 233.674100; 
2023.10.20_16:35:00:545; 9.099400; 7.964700; 233.674100; 
2023.10.20_16:35:00:645; 9.137700; 7.836200; 233.696000; 
2023.10.20_16:35:00:745; 8.875200; 7.540900; 233.146700; 
2023.10.20_16:35:00:845; 9.359200; 7.568200; 232.135900; 
2023.10.20_16:35:00:945; 9.140400; 7.672100; 232.135900; 
2023.10.20_16:35:01:045; 9.044700; 7.464300; 232.113900; 
2023.10.20_16:35:01:145; 8.927100; 7.663900; 232.575300; 
2023.10.20_16:35:01:245; 9.113100; 7.713100; 234.069600; 
2023.10.20_16:35:01:345; 9.197800; 7.497100; 234.025600; 
2023.10.20_16:35:01:445; 9.200600; 7.311200; 234.025600; 
2023.10.20_16:35:01:545; 9.476700; 7.513500; 233.981700; 
2023.10.20_16:35:01:645; 9.331800; 7.699400; 233.761900; 
2023.10.20_16:35:01:745; 9.454900; 7.461600; 233.761900; 
2023.10.20_16:35:01:845; 9.591600; 7.510800; 233.761900; 
2023.10.20_16:35:01:945; 9.400200; 7.513500; 233.740000; 
2023.10.20_16:35:02:045; 9.640800; 7.478000; 232.004000; 
2023.10.20_16:35:02:145; 9.381000; 7.469800; 232.048000; 
2023.10.20_16:35:02:245; 9.102100; 7.655700; 232.113900; 
2023.10.20_16:35:02:345; 9.320900; 7.869000; 232.091900; 
2023.10.20_16:35:02:445; 9.233400; 7.521700; 232.091900; 
2023.10.20_16:35:02:545; 9.402900; 7.688500; 232.091900; 
2023.10.20_16:35:02:645; 9.474000; 7.524400; 232.069900; 
2023.10.20_16:35:02:745; 9.454900; 7.674800; 232.091900; 
2023.10.20_16:35:02:845; 9.627100; 7.929100; 231.630500; 
2023.10.20_16:35:02:945; 9.583400; 8.093200; 228.861700; 
2023.10.20_16:35:03:045; 9.443900; 8.109600; 228.971600; 
2023.10.20_16:35:03:145; 9.599800; 8.355700; 228.971600; 
2023.10.20_16:35:03:245; 9.422100; 7.869000; 229.521000; 
2023.10.20_16:35:03:345; 9.556000; 8.060400; 234.860600; 
2023.10.20_16:35:03:445; 9.733800; 8.311900; 234.640900; 
2023.10.20_16:35:03:545; 9.791200; 8.112300; 234.509100; 
2023.10.20_16:35:03:645; 9.867700; 8.227200; 234.575000; 
2023.10.20_16:35:03:745; 10.111100; 8.013900; 234.179500; 
2023.10.20_16:35:03:845; 10.031800; 7.874400; 234.135500; 
2023.10.20_16:35:03:945; 9.911500; 7.789700; 234.113500; 
2023.10.20_16:35:04:045; 10.351700; 7.986500; 234.113500; 
2023.10.20_16:35:04:145; 10.245100; 7.953700; 233.036800; 
2023.10.20_16:35:04:245; 10.236900; 8.265400; 232.970900; 
2023.10.20_16:35:04:345; 10.056400; 8.183400; 232.948900; 
2023.10.20_16:35:04:445; 10.165800; 8.448600; 232.948900; 
2023.10.20_16:35:04:545; 10.122000; 8.322900; 237.783200; 
2023.10.20_16:35:04:645; 10.056400; 8.686500; 237.409600; 
2023.10.20_16:35:04:745; 10.007200; 8.426800; 237.321700; 
2023.10.20_16:35:04:845; 10.370900; 8.774000; 237.277800; 
2023.10.20_16:35:04:945; 10.860300; 8.497900; 237.959000; 
2023.10.20_16:35:05:045; 11.177500; 8.910700; 238.288600; 
2023.10.20_16:35:05:145; 11.431800; 8.809600; 238.332500; 
2023.10.20_16:35:05:245; 11.297800; 9.126700; 238.354500; 
2023.10.20_16:35:05:345; 11.352500; 8.960000; 237.541500; 
2023.10.20_16:35:05:445; 10.720800; 9.061100; 235.849500; 
2023.10.20_16:35:05:545; 10.644300; 8.741200; 235.915400; 
2023.10.20_16:35:05:645; 10.764600; 9.148600; 235.959400; 
2023.10.20_16:35:05:745; 10.805600; 9.093900; 235.937400; 
2023.10.20_16:35:05:845; 11.256800; 9.271700; 232.685200; 
2023.10.20_16:35:05:945; 10.906800; 9.208800; 232.465500; 
2023.10.20_16:35:06:045; 10.756400; 9.208800; 232.465500; 
2023.10.20_16:35:06:145; 10.860300; 9.381000; 232.443500; 
2023.10.20_16:35:06:245; 11.043500; 9.255300; 234.531000; 
2023.10.20_16:35:06:345; 11.046200; 9.184200; 234.575000; 
2023.10.20_16:35:06:445; 10.923200; 9.260700; 234.553000; 
2023.10.20_16:35:06:545; 11.035300; 9.050200; 234.575000; 
2023.10.20_16:35:06:645; 10.630600; 9.181400; 233.805900; 
2023.10.20_16:35:06:745; 11.122800; 9.154100; 233.871800; 
2023.10.20_16:35:06:845; 11.393500; 9.487700; 233.893800; 
2023.10.20_16:35:06:945; 12.126300; 8.743900; 233.893800; 
2023.10.20_16:35:07:045; 11.541100; 9.143200; 237.827100; 
2023.10.20_16:35:07:145; 11.456400; 8.719300; 237.607400; 
2023.10.20_16:35:07:245; 12.377800; 8.995500; 237.541500; 
2023.10.20_16:35:07:345; 11.923900; 8.467800; 237.519500; 
2023.10.20_16:35:07:445; 11.615000; 8.867000; 236.310900; 
2023.10.20_16:35:07:545; 11.697000; 8.648200; 234.706800; 
2023.10.20_16:35:07:645; 11.557500; 9.217000; 234.684900; 
2023.10.20_16:35:07:745; 11.680600; 8.891600; 234.640900; 
2023.10.20_16:35:07:845; 11.784500; 9.279900; 234.618900; 
2023.10.20_16:35:07:945; 11.992300; 8.842400; 230.927300; 
2023.10.20_16:35:08:045; 11.675100; 8.779500; 230.817400; 
2023.10.20_16:35:08:145; 11.615000; 8.801400; 230.861400; 
2023.10.20_16:35:08:245; 11.989600; 8.910700; 230.905300; 
2023.10.20_16:35:08:345; 11.792700; 9.129500; 237.321700; 
2023.10.20_16:35:08:445; 11.628600; 8.782200; 237.629400; 
2023.10.20_16:35:08:545; 11.598600; 9.118500; 237.519500; 
2023.10.20_16:35:08:645; 12.287600; 8.730300; 237.497500; 
