TimeStamp_UTC; avg_TI[-]; avg_ws_110m[m/s]; avg_ws_60m[m/s]; avg_shearExp[-]; avg_wd_110m[deg]; 
2023.10.20_16:32:08:745; 0.373689; 8.901363; 7.745350; 0.229506; 237.049538; 
2023.10.20_16:32:09:745; 0.370814; 8.919868; 7.760239; 0.229764; 237.041608; 
2023.10.20_16:32:10:745; 0.367909; 8.937554; 7.774965; 0.229904; 237.033669; 
2023.10.20_16:32:11:745; 0.364984; 8.954712; 7.789485; 0.229990; 237.031350; 
2023.10.20_16:32:12:745; 0.362048; 8.971725; 7.804691; 0.229904; 237.023503; 
2023.10.20_16:32:13:745; 0.359126; 8.986971; 7.819592; 0.229558; 237.031322; 
2023.10.20_16:32:14:745; 0.356179; 9.002570; 7.834135; 0.229354; 237.027637; 
2023.10.20_16:32:15:745; 0.353212; 9.018557; 7.848363; 0.229287; 237.022070; 
2023.10.20_16:32:16:745; 0.350236; 9.034305; 7.862244; 0.229250; 237.024187; 
2023.10.20_16:32:17:745; 0.347302; 9.048625; 7.876665; 0.228840; 237.026362; 
2023.10.20_16:32:18:745; 0.344319; 9.063684; 7.891478; 0.228484; 237.039703; 
2023.10.20_16:32:19:745; 0.341315; 9.078906; 7.905575; 0.228308; 237.045493; 
2023.10.20_16:32:20:745; 0.338264; 9.096116; 7.919608; 0.228506; 237.053850; 
2023.10.20_16:32:21:745; 0.335198; 9.113001; 7.934705; 0.228424; 237.054587; 
2023.10.20_16:32:22:745; 0.332152; 9.128158; 7.950069; 0.227974; 237.057456; 
2023.10.20_16:32:23:745; 0.329115; 9.142605; 7.965862; 0.227309; 237.056634; 
2023.10.20_16:32:24:745; 0.326036; 9.157612; 7.981459; 0.226788; 237.057546; 
2023.10.20_16:32:25:745; 0.322985; 9.171687; 7.996438; 0.226228; 237.049225; 
2023.10.20_16:32:26:745; 0.319946; 9.185312; 8.011370; 0.225600; 237.029046; 
2023.10.20_16:32:27:745; 0.316887; 9.198969; 8.026660; 0.224905; 237.016110; 
2023.10.20_16:32:28:745; 0.313791; 9.212911; 8.042849; 0.224079; 237.000110; 
2023.10.20_16:32:29:745; 0.310617; 9.227860; 8.059595; 0.223323; 236.980133; 
2023.10.20_16:32:30:745; 0.307431; 9.242624; 8.075945; 0.222617; 236.966149; 
2023.10.20_16:32:31:745; 0.304252; 9.256856; 8.092493; 0.221778; 236.943727; 
2023.10.20_16:32:32:745; 0.301093; 9.270471; 8.107771; 0.221091; 236.921026; 
2023.10.20_16:32:33:745; 0.297954; 9.283551; 8.123071; 0.220307; 236.905859; 
2023.10.20_16:32:34:745; 0.294818; 9.296376; 8.137562; 0.219644; 236.880172; 
2023.10.20_16:32:35:745; 0.291735; 9.308463; 8.150735; 0.219119; 236.856000; 
2023.10.20_16:32:36:745; 0.288663; 9.320240; 8.162818; 0.218761; 236.838275; 
2023.10.20_16:32:37:745; 0.285474; 9.332876; 8.174647; 0.218607; 236.835961; 
2023.10.20_16:32:38:745; 0.282207; 9.346057; 8.186454; 0.218555; 236.836054; 
2023.10.20_16:32:39:745; 0.278893; 9.359453; 8.198830; 0.218425; 236.839799; 
2023.10.20_16:32:40:745; 0.275526; 9.373164; 8.211370; 0.218319; 236.849560; 
2023.10.20_16:32:41:745; 0.272151; 9.386604; 8.223122; 0.218323; 236.859229; 
2023.10.20_16:32:42:745; 0.268782; 9.399627; 8.234628; 0.218304; 236.868903; 
2023.10.20_16:32:43:745; 0.265356; 9.412950; 8.244955; 0.218573; 236.871525; 
2023.10.20_16:32:44:745; 0.261822; 9.427234; 8.255838; 0.218898; 236.879172; 
2023.10.20_16:32:45:745; 0.258233; 9.441884; 8.266015; 0.219428; 236.864822; 
2023.10.20_16:32:46:745; 0.254593; 9.456684; 8.276981; 0.219825; 236.850252; 
2023.10.20_16:32:47:745; 0.250968; 9.470686; 8.287688; 0.220133; 236.840084; 
2023.10.20_16:32:48:745; 0.247341; 9.484190; 8.297972; 0.220437; 236.833397; 
2023.10.20_16:32:49:745; 0.243575; 9.499142; 8.307830; 0.221078; 236.824060; 
2023.10.20_16:32:50:745; 0.239714; 9.515617; 8.317707; 0.221976; 236.816207; 
2023.10.20_16:32:51:745; 0.235809; 9.531691; 8.326998; 0.222919; 236.806763; 
2023.10.20_16:32:52:745; 0.231851; 9.547821; 8.337235; 0.223681; 236.797088; 
2023.10.20_16:32:53:745; 0.227840; 9.563873; 8.346697; 0.224581; 236.793375; 
2023.10.20_16:32:54:745; 0.223794; 9.579206; 8.355723; 0.225441; 236.787731; 
2023.10.20_16:32:55:745; 0.219686; 9.594578; 8.364877; 0.226280; 236.782333; 
2023.10.20_16:32:56:745; 0.215567; 9.609001; 8.374725; 0.226817; 236.771392; 
2023.10.20_16:32:57:745; 0.211420; 9.622954; 8.384459; 0.227294; 236.757964; 
2023.10.20_16:32:58:745; 0.207169; 9.637349; 8.394479; 0.227790; 236.746888; 
2023.10.20_16:32:59:745; 0.202807; 9.652293; 8.405338; 0.228214; 236.739410; 
2023.10.20_16:33:00:745; 0.198379; 9.666998; 8.416499; 0.228536; 236.729931; 
2023.10.20_16:33:01:745; 0.193830; 9.682287; 8.427026; 0.229081; 236.713397; 
2023.10.20_16:33:02:745; 0.189211; 9.697218; 8.436960; 0.229680; 236.695943; 
2023.10.20_16:33:03:745; 0.184573; 9.711116; 8.446844; 0.230111; 236.677125; 
2023.10.20_16:33:04:745; 0.179878; 9.724574; 8.457291; 0.230356; 236.663853; 
2023.10.20_16:33:05:745; 0.175052; 9.738216; 8.468156; 0.230551; 236.658352; 
2023.10.20_16:33:06:745; 0.170040; 9.752495; 8.479018; 0.230853; 236.656177; 
2023.10.20_16:33:07:745; 0.164885; 9.766853; 8.489816; 0.231181; 236.652998; 
