TimeStamp_UTC; mm_ws_110m[m/s]; mm_ws_60m[m/s]; mm_wd_110m[deg]; 
2023.10.20_16:39:08:745; 9.826700; 8.366600; 235.585800; 
2023.10.20_16:39:08:845; 9.698200; 8.497900; 235.563800; 
2023.10.20_16:39:08:945; 9.342800; 8.249000; 235.519900; 
2023.10.20_16:39:09:045; 9.567000; 8.333800; 235.849500; 
2023.10.20_16:39:09:145; 9.564200; 8.440400; 237.343700; 
2023.10.20_16:39:09:245; 9.867700; 8.670100; 237.255800; 
2023.10.20_16:39:09:345; 9.550600; 8.708400; 237.211900; 
2023.10.20_16:39:09:445; 9.558800; 8.601800; 237.189900; 
2023.10.20_16:39:09:545; 9.692800; 8.831400; 232.267700; 
2023.10.20_16:39:09:645; 9.547800; 8.741200; 231.960100; 
2023.10.20_16:39:09:745; 9.602500; 8.768600; 232.048000; 
2023.10.20_16:39:09:845; 9.381000; 8.719300; 231.894200; 
2023.10.20_16:39:09:945; 9.577900; 8.579900; 230.949300; 
2023.10.20_16:39:10:045; 9.484900; 8.205300; 230.883400; 
2023.10.20_16:39:10:145; 9.742000; 8.459600; 230.839400; 
2023.10.20_16:39:10:245; 9.484900; 8.366600; 230.883400; 
2023.10.20_16:39:10:345; 9.526000; 8.306500; 233.366400; 
2023.10.20_16:39:10:445; 9.526000; 8.224400; 233.212600; 
2023.10.20_16:39:10:545; 9.411100; 7.956500; 233.190600; 
2023.10.20_16:39:10:645; 9.173200; 8.123300; 233.168700; 
2023.10.20_16:39:10:745; 9.249800; 7.729500; 232.992900; 
2023.10.20_16:39:10:845; 8.880700; 7.792400; 232.948900; 
2023.10.20_16:39:10:945; 9.069300; 7.871700; 232.948900; 
2023.10.20_16:39:11:045; 8.905300; 7.647500; 232.970900; 
2023.10.20_16:39:11:145; 9.085700; 7.655700; 231.586500; 
2023.10.20_16:39:11:245; 8.826000; 7.743200; 231.432700; 
2023.10.20_16:39:11:345; 8.877900; 7.661200; 231.344800; 
2023.10.20_16:39:11:445; 9.006400; 7.633800; 231.366800; 
2023.10.20_16:39:11:545; 9.495900; 7.978300; 231.344800; 
2023.10.20_16:39:11:645; 8.927100; 7.882600; 231.300900; 
2023.10.20_16:39:11:745; 8.847900; 7.819800; 231.322800; 
2023.10.20_16:39:11:845; 8.722100; 7.849800; 231.278900; 
2023.10.20_16:39:11:945; 8.817800; 7.625600; 231.366800; 
2023.10.20_16:39:12:045; 8.763100; 7.683000; 231.191000; 
2023.10.20_16:39:12:145; 8.681100; 7.543600; 231.169000; 
2023.10.20_16:39:12:245; 8.478700; 7.494400; 231.191000; 
2023.10.20_16:39:12:345; 8.793200; 7.458800; 231.191000; 
2023.10.20_16:39:12:445; 8.268200; 7.568200; 231.564500; 
2023.10.20_16:39:12:545; 8.295500; 7.543600; 231.542600; 
2023.10.20_16:39:12:645; 8.098700; 7.417800; 231.520600; 
2023.10.20_16:39:12:745; 8.016600; 7.475200; 231.542600; 
2023.10.20_16:39:12:845; 7.860800; 7.420500; 242.243900; 
2023.10.20_16:39:12:945; 7.986500; 7.398700; 241.189200; 
2023.10.20_16:39:13:045; 8.112300; 7.196300; 241.057300; 
2023.10.20_16:39:13:145; 8.109600; 7.179900; 241.035300; 
2023.10.20_16:39:13:245; 8.601800; 7.300200; 241.430900; 
2023.10.20_16:39:13:345; 8.779500; 7.171700; 241.826400; 
2023.10.20_16:39:13:445; 8.918900; 7.303000; 241.826400; 
2023.10.20_16:39:13:545; 9.069300; 7.565500; 241.804400; 
2023.10.20_16:39:13:645; 9.148600; 7.674800; 240.639800; 
2023.10.20_16:39:13:745; 9.093900; 7.786900; 239.079700; 
2023.10.20_16:39:13:845; 9.446700; 7.737700; 239.079700; 
2023.10.20_16:39:13:945; 9.586100; 7.767800; 239.057700; 
2023.10.20_16:39:14:045; 9.279900; 7.549100; 239.145600; 
2023.10.20_16:39:14:145; 9.558800; 7.382300; 241.035300; 
2023.10.20_16:39:14:245; 9.618900; 7.611900; 240.991400; 
2023.10.20_16:39:14:345; 9.709200; 7.625600; 240.969400; 
2023.10.20_16:39:14:445; 9.960700; 7.207300; 240.947400; 
2023.10.20_16:39:14:545; 9.843100; 7.357700; 240.551900; 
2023.10.20_16:39:14:645; 9.722800; 7.549100; 240.551900; 
2023.10.20_16:39:14:745; 9.766600; 7.510800; 240.573900; 
2023.10.20_16:39:14:845; 9.550600; 7.464300; 240.529900; 
2023.10.20_16:39:14:945; 9.345500; 7.606500; 238.925800; 
2023.10.20_16:39:15:045; 9.536900; 7.636600; 238.969800; 
2023.10.20_16:39:15:145; 9.370100; 7.379500; 238.947800; 
2023.10.20_16:39:15:245; 9.706400; 7.822500; 238.947800; 
2023.10.20_16:39:15:345; 9.383800; 7.858000; 242.551500; 
2023.10.20_16:39:15:445; 9.520500; 8.243600; 242.837200; 
2023.10.20_16:39:15:545; 9.435700; 8.177900; 242.771300; 
2023.10.20_16:39:15:645; 9.290800; 8.126000; 242.727300; 
2023.10.20_16:39:15:745; 9.247100; 8.093200; 241.650600; 
2023.10.20_16:39:15:845; 9.279900; 8.000200; 236.640500; 
2023.10.20_16:39:15:945; 9.039300; 7.879900; 236.486700; 
2023.10.20_16:39:16:045; 9.189600; 7.759600; 236.552600; 
2023.10.20_16:39:16:145; 9.115800; 7.707600; 236.552600; 
2023.10.20_16:39:16:245; 8.935300; 7.521700; 240.288200; 
2023.10.20_16:39:16:345; 9.268900; 7.453400; 240.112400; 
2023.10.20_16:39:16:445; 8.943600; 7.519000; 240.090500; 
2023.10.20_16:39:16:545; 9.323600; 7.549100; 240.090500; 
2023.10.20_16:39:16:645; 9.102100; 7.519000; 238.112800; 
2023.10.20_16:39:16:745; 9.394700; 7.401400; 238.002900; 
2023.10.20_16:39:16:845; 9.345500; 7.267400; 237.981000; 
2023.10.20_16:39:16:945; 9.370100; 7.155300; 237.959000; 
2023.10.20_16:39:17:045; 9.430300; 7.056900; 230.685600; 
2023.10.20_16:39:17:145; 9.266200; 7.308400; 231.278900; 
2023.10.20_16:39:17:245; 9.113100; 7.292000; 231.059100; 
2023.10.20_16:39:17:345; 9.042000; 7.262000; 231.081100; 
2023.10.20_16:39:17:445; 9.025600; 6.783500; 237.189900; 
2023.10.20_16:39:17:545; 8.908000; 6.690500; 238.090800; 
2023.10.20_16:39:17:645; 8.877900; 6.753400; 238.266600; 
2023.10.20_16:39:17:745; 8.949000; 6.805300; 238.310600; 
2023.10.20_16:39:17:845; 8.839600; 6.890100; 238.310600; 
2023.10.20_16:39:17:945; 8.817800; 7.056900; 238.398500; 
2023.10.20_16:39:18:045; 8.511500; 6.723300; 238.398500; 
2023.10.20_16:39:18:145; 8.820500; 7.073300; 238.398500; 
2023.10.20_16:39:18:245; 8.700200; 7.174500; 238.376500; 
2023.10.20_16:39:18:345; 9.033800; 7.360400; 239.673000; 
2023.10.20_16:39:18:445; 8.995500; 7.283800; 239.782800; 
2023.10.20_16:39:18:545; 8.815000; 7.155300; 239.804800; 
2023.10.20_16:39:18:645; 8.853300; 7.330300; 239.804800; 
2023.10.20_16:39:18:745; 8.547100; 7.229100; 240.420100; 
2023.10.20_16:39:18:845; 8.681100; 7.081500; 240.508000; 
2023.10.20_16:39:18:945; 8.536100; 6.780700; 240.508000; 
2023.10.20_16:39:19:045; 8.620900; 6.728800; 240.508000; 
2023.10.20_16:39:19:145; 8.544300; 6.575600; 242.002200; 
2023.10.20_16:39:19:245; 8.631800; 6.441700; 241.826400; 
2023.10.20_16:39:19:345; 8.834200; 6.365100; 241.826400; 
2023.10.20_16:39:19:445; 8.640000; 6.247500; 241.826400; 
2023.10.20_16:39:19:545; 8.626400; 6.310400; 242.243900; 
2023.10.20_16:39:19:645; 8.467800; 6.387000; 242.200000; 
2023.10.20_16:39:19:745; 8.645500; 6.562000; 242.200000; 
2023.10.20_16:39:19:845; 8.905300; 6.261200; 242.221900; 
2023.10.20_16:39:19:945; 8.875200; 6.351400; 243.210800; 
2023.10.20_16:39:20:045; 8.661900; 6.220200; 243.694200; 
2023.10.20_16:39:20:145; 8.979100; 6.321400; 243.760100; 
2023.10.20_16:39:20:245; 8.891600; 6.449900; 243.782100; 
2023.10.20_16:39:20:345; 9.028300; 6.414300; 243.760100; 
2023.10.20_16:39:20:445; 9.299000; 6.622100; 242.243900; 
2023.10.20_16:39:20:545; 9.137700; 6.633100; 242.287900; 
2023.10.20_16:39:20:645; 9.334600; 6.706900; 242.287900; 
2023.10.20_16:39:20:745; 9.381000; 6.660400; 242.265900; 
2023.10.20_16:39:20:845; 9.192400; 6.512800; 239.365300; 
2023.10.20_16:39:20:945; 8.842400; 6.608500; 239.321400; 
2023.10.20_16:39:21:045; 8.951800; 6.613900; 239.343300; 
2023.10.20_16:39:21:145; 8.667400; 6.633100; 239.321400; 
2023.10.20_16:39:21:245; 8.757600; 6.676800; 242.617500; 
2023.10.20_16:39:21:345; 8.495100; 6.660400; 242.265900; 
2023.10.20_16:39:21:445; 8.374800; 6.679500; 242.287900; 
2023.10.20_16:39:21:545; 8.227200; 6.764300; 242.287900; 
2023.10.20_16:39:21:645; 8.454100; 6.717800; 234.970500; 
2023.10.20_16:39:21:745; 8.186100; 6.742400; 235.629700; 
2023.10.20_16:39:21:845; 8.208000; 6.635800; 235.563800; 
2023.10.20_16:39:21:945; 8.303700; 6.521000; 235.541800; 
2023.10.20_16:39:22:045; 8.054900; 6.512800; 235.783600; 
2023.10.20_16:39:22:145; 8.339300; 6.430700; 236.201100; 
2023.10.20_16:39:22:245; 8.227200; 6.373300; 236.179100; 
2023.10.20_16:39:22:345; 8.314700; 6.381500; 236.179100; 
2023.10.20_16:39:22:445; 8.355700; 6.553800; 236.179100; 
2023.10.20_16:39:22:545; 8.238100; 6.154600; 232.883000; 
2023.10.20_16:39:22:645; 8.093200; 6.067100; 233.058800; 
2023.10.20_16:39:22:745; 8.273600; 5.963200; 233.036800; 
2023.10.20_16:39:22:845; 8.079500; 5.875700; 233.014800; 
2023.10.20_16:39:22:945; 8.136900; 5.829200; 232.597300; 
2023.10.20_16:39:23:045; 7.767800; 5.886600; 232.575300; 
2023.10.20_16:39:23:145; 8.049400; 6.031500; 232.575300; 
2023.10.20_16:39:23:245; 7.948300; 6.160000; 232.575300; 
2023.10.20_16:39:23:345; 8.041200; 6.294000; 233.256500; 
2023.10.20_16:39:23:445; 8.208000; 6.605700; 233.190600; 
2023.10.20_16:39:23:545; 8.219000; 6.726000; 233.212600; 
2023.10.20_16:39:23:645; 8.363900; 6.922900; 233.190600; 
2023.10.20_16:39:23:745; 8.227200; 6.972100; 233.564200; 
2023.10.20_16:39:23:845; 8.090400; 6.805300; 233.652100; 
2023.10.20_16:39:23:945; 8.352900; 7.182700; 233.674100; 
2023.10.20_16:39:24:045; 8.210800; 7.412300; 233.652100; 
2023.10.20_16:39:24:145; 8.276400; 7.524400; 234.421200; 
2023.10.20_16:39:24:245; 8.290100; 7.420500; 239.365300; 
2023.10.20_16:39:24:345; 8.254500; 7.447900; 239.145600; 
2023.10.20_16:39:24:445; 8.309200; 7.653000; 239.013700; 
2023.10.20_16:39:24:545; 8.555300; 7.565500; 239.123600; 
2023.10.20_16:39:24:645; 8.861500; 7.513500; 239.651000; 
2023.10.20_16:39:24:745; 8.618200; 7.644800; 239.629000; 
2023.10.20_16:39:24:845; 8.593600; 7.510800; 239.629000; 
2023.10.20_16:39:24:945; 8.391200; 7.275600; 239.607000; 
2023.10.20_16:39:25:045; 8.601800; 7.100600; 233.652100; 
2023.10.20_16:39:25:145; 8.500600; 7.108800; 233.256500; 
2023.10.20_16:39:25:245; 8.648200; 6.931100; 233.124700; 
2023.10.20_16:39:25:345; 8.678300; 6.761600; 233.168700; 
2023.10.20_16:39:25:445; 8.883400; 6.802600; 236.289000; 
2023.10.20_16:39:25:545; 8.793200; 6.794400; 236.684500; 
2023.10.20_16:39:25:645; 8.921700; 6.706900; 236.552600; 
2023.10.20_16:39:25:745; 8.738500; 6.778000; 236.574600; 
2023.10.20_16:39:25:845; 8.670100; 6.627600; 237.058000; 
2023.10.20_16:39:25:945; 8.445900; 6.723300; 236.992100; 
2023.10.20_16:39:26:045; 8.492400; 7.015900; 236.992100; 
2023.10.20_16:39:26:145; 8.407600; 6.723300; 236.992100; 
2023.10.20_16:39:26:245; 8.987300; 6.879200; 239.211500; 
2023.10.20_16:39:26:345; 8.415800; 6.868200; 238.881900; 
2023.10.20_16:39:26:445; 8.793200; 7.065100; 238.947800; 
2023.10.20_16:39:26:545; 8.648200; 7.420500; 238.969800; 
2023.10.20_16:39:26:645; 9.006400; 7.056900; 238.925800; 
2023.10.20_16:39:26:745; 9.052900; 7.204500; 236.267000; 
2023.10.20_16:39:26:845; 9.208800; 7.185400; 236.332900; 
2023.10.20_16:39:26:945; 9.241600; 7.390500; 236.310900; 
2023.10.20_16:39:27:045; 9.752900; 7.294800; 236.354900; 
2023.10.20_16:39:27:145; 9.441200; 7.190900; 231.520600; 
2023.10.20_16:39:27:245; 9.320900; 7.188100; 231.608500; 
2023.10.20_16:39:27:345; 9.457600; 7.089700; 231.564500; 
2023.10.20_16:39:27:445; 9.222500; 7.092400; 231.542600; 
2023.10.20_16:39:27:545; 9.148600; 6.840900; 228.048700; 
2023.10.20_16:39:27:645; 9.102100; 6.786200; 228.048700; 
2023.10.20_16:39:27:745; 8.946300; 6.737000; 228.026700; 
2023.10.20_16:39:27:845; 9.058400; 6.594800; 228.026700; 
2023.10.20_16:39:27:945; 8.921700; 6.671300; 226.334700; 
2023.10.20_16:39:28:045; 8.960000; 6.564700; 226.510500; 
2023.10.20_16:39:28:145; 9.189600; 6.619400; 226.510500; 
2023.10.20_16:39:28:245; 9.165000; 6.665900; 226.510500; 
2023.10.20_16:39:28:345; 9.279900; 6.624900; 231.081100; 
2023.10.20_16:39:28:445; 9.115800; 6.641300; 230.839400; 
2023.10.20_16:39:28:545; 9.474000; 6.720600; 230.883400; 
2023.10.20_16:39:28:645; 9.465800; 6.521000; 230.905300; 
2023.10.20_16:39:28:745; 9.512300; 6.761600; 232.509400; 
2023.10.20_16:39:28:845; 9.662700; 7.007700; 235.080400; 
2023.10.20_16:39:28:945; 9.616200; 6.586600; 235.080400; 
2023.10.20_16:39:29:045; 9.763800; 6.589300; 235.080400; 
2023.10.20_16:39:29:145; 9.807600; 6.531900; 235.058400; 
2023.10.20_16:39:29:245; 9.862300; 6.679500; 234.904600; 
2023.10.20_16:39:29:345; 9.958000; 6.753400; 234.904600; 
2023.10.20_16:39:29:445; 10.567700; 6.758800; 234.904600; 
2023.10.20_16:39:29:545; 10.275200; 6.829900; 234.904600; 
2023.10.20_16:39:29:645; 10.056400; 6.824500; 237.211900; 
2023.10.20_16:39:29:745; 10.050900; 6.701400; 237.124000; 
2023.10.20_16:39:29:845; 9.990800; 6.849100; 237.014100; 
2023.10.20_16:39:29:945; 9.845900; 6.657700; 237.058000; 
2023.10.20_16:39:30:045; 10.184900; 6.663100; 232.399600; 
2023.10.20_16:39:30:145; 10.078300; 6.663100; 233.058800; 
2023.10.20_16:39:30:245; 9.974400; 6.531900; 232.970900; 
2023.10.20_16:39:30:345; 10.056400; 6.567400; 232.948900; 
2023.10.20_16:39:30:445; 9.728300; 6.408900; 234.311300; 
2023.10.20_16:39:30:545; 9.927900; 6.474500; 234.575000; 
2023.10.20_16:39:30:645; 10.135700; 6.526400; 234.640900; 
2023.10.20_16:39:30:745; 9.914200; 6.504600; 234.640900; 
2023.10.20_16:39:30:845; 9.834900; 6.627600; 234.355200; 
2023.10.20_16:39:30:945; 9.900600; 6.583800; 232.773100; 
2023.10.20_16:39:31:045; 9.780200; 6.542800; 232.883000; 
2023.10.20_16:39:31:145; 9.457600; 6.430700; 232.905000; 
2023.10.20_16:39:31:245; 9.793900; 6.378800; 232.773100; 
2023.10.20_16:39:31:345; 9.750200; 6.283100; 231.520600; 
2023.10.20_16:39:31:445; 9.575200; 6.247500; 231.586500; 
2023.10.20_16:39:31:545; 10.015400; 6.165500; 231.608500; 
2023.10.20_16:39:31:645; 9.733800; 6.206500; 231.586500; 
2023.10.20_16:39:31:745; 9.594300; 6.247500; 231.652500; 
2023.10.20_16:39:31:845; 9.750200; 6.179200; 231.652500; 
2023.10.20_16:39:31:945; 9.564200; 6.116300; 231.674400; 
2023.10.20_16:39:32:045; 9.454900; 6.201000; 231.674400; 
2023.10.20_16:39:32:145; 9.742000; 6.162800; 231.850200; 
2023.10.20_16:39:32:245; 10.239600; 6.165500; 231.828200; 
2023.10.20_16:39:32:345; 10.141200; 6.154600; 231.828200; 
2023.10.20_16:39:32:445; 10.206800; 6.086200; 231.828200; 
2023.10.20_16:39:32:545; 10.723600; 6.091700; 231.498600; 
2023.10.20_16:39:32:645; 10.972400; 5.982300; 231.278900; 
2023.10.20_16:39:32:745; 10.802900; 5.919400; 231.191000; 
2023.10.20_16:39:32:845; 10.972400; 5.818200; 231.256900; 
2023.10.20_16:39:32:945; 11.021600; 5.834600; 230.927300; 
2023.10.20_16:39:33:045; 10.884900; 5.678800; 225.851300; 
2023.10.20_16:39:33:145; 10.830200; 5.807300; 226.027100; 
2023.10.20_16:39:33:245; 10.975100; 5.859300; 226.071000; 
2023.10.20_16:39:33:345; 10.923200; 5.872900; 226.049100; 
2023.10.20_16:39:33:445; 10.958700; 6.080700; 224.115400; 
2023.10.20_16:39:33:545; 10.759100; 6.078000; 224.203300; 
2023.10.20_16:39:33:645; 10.841200; 6.045200; 224.203300; 
2023.10.20_16:39:33:745; 10.603300; 6.127200; 224.203300; 
2023.10.20_16:39:33:845; 10.674400; 6.069800; 221.126900; 
2023.10.20_16:39:33:945; 10.690800; 6.020600; 220.951100; 
2023.10.20_16:39:34:045; 10.521200; 6.045200; 220.907200; 
2023.10.20_16:39:34:145; 10.764600; 6.050700; 220.929100; 
2023.10.20_16:39:34:245; 10.958700; 6.086200; 225.873300; 
2023.10.20_16:39:34:345; 11.319700; 6.160000; 226.049100; 
2023.10.20_16:39:34:445; 10.915000; 6.116300; 226.093000; 
2023.10.20_16:39:34:545; 10.759100; 6.119000; 226.071000; 
2023.10.20_16:39:34:645; 10.838400; 6.192800; 233.498300; 
2023.10.20_16:39:34:745; 10.696200; 6.458100; 232.751100; 
2023.10.20_16:39:34:845; 10.545900; 6.239300; 232.685200; 
2023.10.20_16:39:34:945; 10.805600; 6.411600; 232.619300; 
2023.10.20_16:39:35:045; 10.581400; 6.184600; 232.817100; 
2023.10.20_16:39:35:145; 10.756400; 6.239300; 233.036800; 
2023.10.20_16:39:35:245; 10.915000; 6.335000; 233.014800; 
2023.10.20_16:39:35:345; 11.229400; 6.397900; 232.992900; 
2023.10.20_16:39:35:445; 11.336100; 6.608500; 233.014800; 
2023.10.20_16:39:35:545; 11.502900; 6.756100; 233.432300; 
2023.10.20_16:39:35:645; 11.377100; 6.808100; 233.432300; 
2023.10.20_16:39:35:745; 11.855600; 6.892800; 233.454300; 
2023.10.20_16:39:35:845; 11.732500; 6.761600; 233.410400; 
2023.10.20_16:39:35:945; 11.710700; 6.966600; 235.168300; 
2023.10.20_16:39:36:045; 11.754400; 7.103400; 235.234200; 
2023.10.20_16:39:36:145; 11.574000; 7.056900; 235.212200; 
2023.10.20_16:39:36:245; 11.180200; 6.985800; 235.190300; 
2023.10.20_16:39:36:345; 11.188400; 6.980300; 233.740000; 
2023.10.20_16:39:36:445; 11.172000; 7.065100; 233.805900; 
2023.10.20_16:39:36:545; 11.915700; 6.961200; 233.871800; 
2023.10.20_16:39:36:645; 11.412600; 7.138900; 233.849800; 
2023.10.20_16:39:36:745; 11.226700; 7.070600; 234.179500; 
2023.10.20_16:39:36:845; 11.426300; 7.376800; 234.179500; 
2023.10.20_16:39:36:945; 11.106400; 7.108800; 234.157500; 
2023.10.20_16:39:37:045; 10.961500; 7.303000; 234.223400; 
2023.10.20_16:39:37:145; 10.964200; 7.322100; 230.663600; 
2023.10.20_16:39:37:245; 10.816500; 7.338500; 230.421900; 
2023.10.20_16:39:37:345; 10.734500; 7.289300; 230.290100; 
2023.10.20_16:39:37:445; 10.778300; 7.554500; 230.290100; 
2023.10.20_16:39:37:545; 10.789200; 7.631100; 230.861400; 
2023.10.20_16:39:37:645; 10.606000; 7.245500; 232.992900; 
2023.10.20_16:39:37:745; 10.658000; 7.341200; 232.948900; 
2023.10.20_16:39:37:845; 10.781000; 7.354900; 232.905000; 
2023.10.20_16:39:37:945; 11.109100; 7.431500; 232.883000; 
2023.10.20_16:39:38:045; 10.633400; 7.532700; 230.465900; 
2023.10.20_16:39:38:145; 10.699000; 7.513500; 230.641600; 
2023.10.20_16:39:38:245; 10.606000; 8.134200; 230.619700; 
2023.10.20_16:39:38:345; 10.458400; 7.828000; 230.597700; 
2023.10.20_16:39:38:445; 10.488400; 8.087700; 229.499000; 
2023.10.20_16:39:38:545; 10.663400; 7.858000; 229.608900; 
2023.10.20_16:39:38:645; 10.537600; 7.653000; 229.608900; 
2023.10.20_16:39:38:745; 10.570500; 7.710400; 229.630800; 
2023.10.20_16:39:38:845; 10.677100; 8.082200; 229.015600; 
2023.10.20_16:39:38:945; 10.638800; 8.681100; 228.817800; 
2023.10.20_16:39:39:045; 10.638800; 8.681100; 228.817800; 
2023.10.20_16:39:39:145; 10.791900; 8.675600; 228.795800; 
2023.10.20_16:39:39:245; 10.813800; 8.951800; 231.498600; 
2023.10.20_16:39:39:345; 10.759100; 8.809600; 232.905000; 
2023.10.20_16:39:39:445; 10.283400; 9.115800; 232.992900; 
2023.10.20_16:39:39:545; 10.168500; 8.981800; 233.058800; 
2023.10.20_16:39:39:645; 10.297000; 9.290800; 233.893800; 
2023.10.20_16:39:39:745; 10.425500; 9.096700; 242.221900; 
2023.10.20_16:39:39:845; 10.179500; 9.545100; 241.606700; 
2023.10.20_16:39:39:945; 10.335300; 9.632600; 241.804400; 
2023.10.20_16:39:40:045; 10.269700; 9.613500; 241.826400; 
2023.10.20_16:39:40:145; 10.387300; 9.542400; 243.078900; 
2023.10.20_16:39:40:245; 10.636100; 9.512300; 243.056900; 
2023.10.20_16:39:40:345; 10.679800; 9.260700; 243.035000; 
2023.10.20_16:39:40:445; 10.493900; 9.430300; 243.035000; 
2023.10.20_16:39:40:545; 10.362700; 9.329100; 242.178000; 
2023.10.20_16:39:40:645; 10.064600; 9.110300; 242.112100; 
2023.10.20_16:39:40:745; 9.944300; 9.515000; 242.112100; 
2023.10.20_16:39:40:845; 10.239600; 9.556000; 242.090100; 
2023.10.20_16:39:40:945; 10.204100; 9.547800; 241.057300; 
2023.10.20_16:39:41:045; 10.217700; 9.750200; 241.211100; 
2023.10.20_16:39:41:145; 10.436500; 9.725600; 241.211100; 
2023.10.20_16:39:41:245; 10.690800; 9.599800; 241.189200; 
2023.10.20_16:39:41:345; 10.450200; 9.845900; 241.255100; 
2023.10.20_16:39:41:445; 10.384500; 9.826700; 241.299000; 
2023.10.20_16:39:41:545; 10.310700; 9.867700; 241.277100; 
2023.10.20_16:39:41:645; 10.247800; 9.870500; 241.277100; 
2023.10.20_16:39:41:745; 10.318900; 9.958000; 241.321000; 
2023.10.20_16:39:41:845; 10.234100; 9.938800; 242.090100; 
2023.10.20_16:39:41:945; 10.034500; 9.881400; 242.112100; 
2023.10.20_16:39:42:045; 10.417300; 9.845900; 242.134000; 
2023.10.20_16:39:42:145; 10.745500; 9.815800; 242.068100; 
2023.10.20_16:39:42:245; 10.783700; 9.465800; 238.134800; 
2023.10.20_16:39:42:345; 10.745500; 9.610700; 238.112800; 
2023.10.20_16:39:42:445; 10.808300; 9.137700; 238.112800; 
2023.10.20_16:39:42:545; 10.748200; 9.301700; 238.068800; 
2023.10.20_16:39:42:645; 10.983300; 9.815800; 239.651000; 
2023.10.20_16:39:42:745; 11.087200; 9.627100; 239.694900; 
2023.10.20_16:39:42:845; 11.141900; 9.692800; 239.673000; 
2023.10.20_16:39:42:945; 11.144700; 9.821300; 239.673000; 
2023.10.20_16:39:43:045; 11.199400; 9.714600; 239.848700; 
2023.10.20_16:39:43:145; 11.215800; 9.974400; 239.848700; 
2023.10.20_16:39:43:245; 11.218500; 9.990800; 239.848700; 
2023.10.20_16:39:43:345; 11.199400; 10.067300; 239.848700; 
2023.10.20_16:39:43:445; 11.109100; 10.078300; 239.804800; 
2023.10.20_16:39:43:545; 11.141900; 10.031800; 239.804800; 
2023.10.20_16:39:43:645; 11.281400; 10.045500; 239.804800; 
2023.10.20_16:39:43:745; 11.554800; 9.780200; 239.804800; 
2023.10.20_16:39:43:845; 0.000000; 0.000000; 0.000000; 
2023.10.20_16:39:43:945; 350923705988087781208000000000000000000000000000000000000000000000000000000000000000000000000000000000000000000000000000000000000000000000000000000000000000000000000000000000000000000000000000000000000000000000000000000000000000000000.000000; -844423481558911741606460000000000000000000000000000000000000000000000000000000000000000000000000000000000000000000000000000000000000000000000000000000000000.000000; 0.000000; 
2023.10.20_16:39:44:045; 0.000000; 0.000000; 0.000000; 
2023.10.20_16:39:44:145; 0.000000; 0.000000; 0.000000; 
2023.10.20_16:39:44:245; 0.000000; 0.000000; 0.000000; 
2023.10.20_16:39:44:345; 0.000000; 0.000000; 0.000000; 
2023.10.20_16:39:44:445; 108089300753987364764900000000000000000000000000000000000000000000000000000000000000000000000000000.000000; 0.000000; 4960198576359268663600000000000000000000000000000000000000000000000000000000000000000000000000000000000000000000000000000000000000000000000000000000000000000000000000000000000000000.000000; 
2023.10.20_16:39:44:545; 767581407524703583589700000000000000000000000000000000000000000000000000000000000000000000000000000000000000000000000000000000000000000000000000000000000000000000000000000.000000; 475112394801259704923000000000000000000000000000000000000000000000000000000000000000000000000000000000000000000000000000000000000000000000000000000000000000000000000000000000000000000000000000000000000000000000000000000000000000000000.000000; 45196156527637600702000000000000000000000000000000000000000000000000000000000000000000000000000000000000000000000000000000000000000000000000000000000000000000000000000000000000000000000000000000000000000000000000000000.000000; 
2023.10.20_16:39:44:645; 72660706471039936574143000000000000000000000000000000000000000000000000000000000000000000000000000000000000000000000000000000000000000000000000000000000000000000000000000000000000000000000000000000000000000000000000000000000.000000; 73587646077115296380463000000000000000000000000000000000000000000000000000000000000000000000000000000000000000000000000000000000000000000000000000000000000000000000000000000000000000000000000000000000000000000000000000000000.000000; 0.000000; 
2023.10.20_16:39:44:745; 0.000000; 0.000000; 0.000000; 
2023.10.20_16:39:44:845; -0.000000; 1306925209590804350850000000000000000000000000.000000; 0.000000; 
2023.10.20_16:39:44:945; 0.000000; 0.000000; 0.000000; 
2023.10.20_16:39:45:045; 0.000000; 0.000000; 0.000000; 
2023.10.20_16:39:45:145; 0.000000; 0.000000; 0.000000; 
2023.10.20_16:39:45:245; 0.000000; 0.000000; 0.000000; 
2023.10.20_16:39:45:345; 0.000000; 0.000000; 0.000000; 
2023.10.20_16:39:45:445; 0.000000; 0.000000; 0.000000; 
2023.10.20_16:39:45:545; 0.000000; 0.000000; 0.000000; 
2023.10.20_16:39:45:645; 0.000000; 0.000000; 0.000000; 
2023.10.20_16:39:45:745; 0.000000; 0.000000; 0.000000; 
2023.10.20_16:39:45:845; 0.000000; 0.000000; 0.000000; 
2023.10.20_16:39:45:945; 0.000000; 0.000000; 0.000000; 
2023.10.20_16:39:46:045; 0.000000; 0.000000; 0.000000; 
2023.10.20_16:39:46:145; 0.000000; 0.000000; 0.000000; 
2023.10.20_16:39:46:245; 0.000000; 0.000000; 0.000000; 
2023.10.20_16:39:46:345; 0.000000; 0.000000; 0.000000; 
2023.10.20_16:39:46:445; 0.000000; 0.000000; 0.000000; 
2023.10.20_16:39:46:545; 0.000000; 0.000000; 0.000000; 
2023.10.20_16:39:46:645; 0.000000; 0.000000; 0.000000; 
2023.10.20_16:39:46:745; 0.000000; 0.000000; 0.000000; 
2023.10.20_16:39:46:845; 0.000000; 0.000000; 0.000000; 
2023.10.20_16:39:46:945; 0.000000; 0.000000; 0.000000; 
2023.10.20_16:39:47:045; 0.000000; 0.000000; 0.000000; 
2023.10.20_16:39:47:145; 0.000000; 0.000000; 0.000000; 
2023.10.20_16:39:47:245; 0.000000; 0.000000; 0.000000; 
2023.10.20_16:39:47:345; 0.000000; 0.000000; 0.000000; 
2023.10.20_16:39:47:445; 0.000000; 0.000000; 0.000000; 
2023.10.20_16:39:47:545; 0.000000; 0.000000; 0.000000; 
2023.10.20_16:39:47:645; 0.000000; 0.000000; 0.000000; 
2023.10.20_16:39:47:745; 0.000000; 0.000000; 0.000000; 
2023.10.20_16:39:47:845; 0.000000; 0.000000; 0.000000; 
2023.10.20_16:39:47:945; 0.000000; 0.000000; 0.000000; 
2023.10.20_16:39:48:045; 0.000000; 0.000000; 0.000000; 
2023.10.20_16:39:48:145; 0.000000; 0.000000; 0.000000; 
2023.10.20_16:39:48:245; 0.000000; 0.000000; 0.000000; 
2023.10.20_16:39:48:345; 0.000000; 3038375643195599724200000000000000000000000000000000000000000000000000000000000000000000000000000000000000000000000000000000000000000000000000000000000000000000000000000000000000000.000000; 1296071533631558234795700000000000000000000000000000000000000000000000000000000000000000000000000000000000000000000000000000000000000000000000000000000000000000000000000000000000000000000000000000000000000000000000000000.000000; 
2023.10.20_16:39:48:445; 60924925309716264030000000000000000000000000000000000000000000000000000000000000000000000000000000000000000000000000000000000000000000000000000000000000000000000000000000000000000000000000000000000000000000000000000000000000000000000000000000000000.000000; 0.000000; 206478139368643493694000000000000000000000000000000000000000000000000000000000000000000000000000000000000000000000000000000000000000000000000000000000000000000000.000000; 
2023.10.20_16:39:48:545; 0.000000; 206478139368643493694000000000000000000000000000000000000000000000000000000000000000000000000000000000000000000000000000000000000000000000000000000000000000000000.000000; 0.000000; 
2023.10.20_16:39:48:645; 693972145210880640281600000000000000000000000000000000000000000000000000000000000000000000000000000000000000000000000000000000000000000000000000000000000000000000000000000000000000000000000000000000000000000000000000000.000000; 306828739874087845208000000000000000000000000000000000000000000000000000000000000000000000000000000000000000000000000000000000000000000000000000000000000000000000000000000000000000000000000000000000000000000000000000000000000000000000000000000000000000000000.000000; 4823374332280692724600000000000000000000000000000000000000000000000000000000000000000000000000000000000000000000000000000000000000000000000000000000000000000000000000000000000000000000000000000000000000000000000000000000000000000.000000; 
2023.10.20_16:39:48:745; 48241192023360368.000000; -0.000000; 0.000000; 
2023.10.20_16:39:48:845; 0.000000; -0.000000; -0.000000; 
2023.10.20_16:39:48:945; 0.000000; -160158667732933514070000000000000000000000000000000000000000000000000000000000000000000000000000000000000000000000000000000000000000000000000000000000000000000000000000000000000000000000000000000000000000000000000000000000000000000000000000000000000.000000; 0.000000; 
2023.10.20_16:39:49:045; -11215674019297582120960.000000; 0.000000; 0.000000; 
2023.10.20_16:39:49:145; 11.450900; 11.374300; 11.453600; 
2023.10.20_16:39:49:245; 11.516500; 11.445400; 11.926700; 
2023.10.20_16:39:49:345; 11.601300; 11.672400; 11.341500; 
2023.10.20_16:39:49:445; 11.489200; 11.661400; 11.759900; 
2023.10.20_16:39:49:545; 11.806400; 11.882900; 11.915700; 
2023.10.20_16:39:49:645; 12.347800; 12.325900; 12.350500; 
2023.10.20_16:39:49:745; 12.295800; 11.965000; 12.164600; 
2023.10.20_16:39:49:845; 12.358700; 12.006000; 12.172800; 
2023.10.20_16:39:49:945; 12.000500; 12.016900; 12.675900; 
2023.10.20_16:39:50:045; 12.096200; 12.503600; 12.561000; 
2023.10.20_16:39:50:145; 12.875500; 12.853600; 12.941100; 
2023.10.20_16:39:50:245; 12.982100; 13.017700; 12.788000; 
2023.10.20_16:39:50:345; 12.670400; 12.662200; 12.495400; 
2023.10.20_16:39:50:445; 12.107100; 11.642300; 11.543900; 
2023.10.20_16:39:50:545; 11.658700; 11.825500; 11.893900; 
2023.10.20_16:39:50:645; 11.538400; 11.393500; 11.286800; 
2023.10.20_16:39:50:745; 11.174700; 11.464600; 11.147400; 
2023.10.20_16:39:50:845; 11.330600; 11.426300; 11.275900; 
2023.10.20_16:39:50:945; 11.404400; 11.390800; 11.278600; 
2023.10.20_16:39:51:045; 11.002500; 11.306000; 11.155600; 
2023.10.20_16:39:51:145; 11.018900; 11.191100; 11.606800; 
2023.10.20_16:39:51:245; 11.620400; 11.418100; 11.423600; 
2023.10.20_16:39:51:345; 11.705200; 11.587600; 11.743500; 
2023.10.20_16:39:51:445; 11.861100; 11.511100; 11.385300; 
2023.10.20_16:39:51:545; 11.617700; 11.344300; 11.379800; 
2023.10.20_16:39:51:645; 11.284100; 11.412600; 11.204800; 
2023.10.20_16:39:51:745; 11.571200; 11.904800; 12.101700; 
2023.10.20_16:39:51:845; 12.211000; 12.331400; 12.588400; 
2023.10.20_16:39:51:945; 12.596600; 12.995800; 12.314900; 
2023.10.20_16:39:52:045; 12.227400; 12.254800; 12.479000; 
2023.10.20_16:39:52:145; 12.145400; 12.074300; 12.044300; 
2023.10.20_16:39:52:245; 12.057900; 12.140000; 11.732500; 
2023.10.20_16:39:52:345; 11.639600; 11.377100; 11.308700; 
2023.10.20_16:39:52:445; 11.683300; 11.546600; 11.549300; 
2023.10.20_16:39:52:545; 11.634100; 11.844600; 11.431800; 
2023.10.20_16:39:52:645; 11.360700; 11.333300; 11.721600; 
2023.10.20_16:39:52:745; 11.841900; 11.817300; 12.189200; 
2023.10.20_16:39:52:845; 12.309500; 12.454400; 12.123500; 
2023.10.20_16:39:52:945; 12.063400; 12.066100; 12.304000; 
2023.10.20_16:39:53:045; 12.768800; 12.952000; 12.954800; 
2023.10.20_16:39:53:145; 12.957500; 12.856300; 12.623900; 
2023.10.20_16:39:53:245; 12.574700; 12.585600; 13.121600; 
2023.10.20_16:39:53:345; 12.782500; 13.004000; 13.430500; 
2023.10.20_16:39:53:445; 13.408700; 13.168000; 12.766100; 
2023.10.20_16:39:53:545; 12.531000; 12.377800; 12.090700; 
2023.10.20_16:39:53:645; 12.088000; 12.052500; 12.648500; 
2023.10.20_16:39:53:745; 12.725100; 12.552800; 12.487200; 
2023.10.20_16:39:53:845; 12.615700; 13.181700; 13.012200; 
2023.10.20_16:39:53:945; 13.148900; 12.864500; 12.697700; 
2023.10.20_16:39:54:045; 12.796200; 12.834500; 12.736000; 
2023.10.20_16:39:54:145; 12.798900; 12.498100; 12.815300; 
2023.10.20_16:39:54:245; 12.755200; 12.859100; 13.184500; 
2023.10.20_16:39:54:345; 13.425100; 12.459900; 12.517300; 
2023.10.20_16:39:54:445; 12.492700; 12.577400; 12.618500; 
2023.10.20_16:39:54:545; 12.695000; 12.935600; 13.154400; 
2023.10.20_16:39:54:645; 13.113400; 12.823500; 13.244600; 
2023.10.20_16:39:54:745; 12.894600; 12.298500; 12.197400; 
2023.10.20_16:39:54:845; 12.593800; 11.967700; 12.129000; 
2023.10.20_16:39:54:945; 12.394200; 12.232900; 12.424300; 
2023.10.20_16:39:55:045; 12.213800; 11.839200; 12.287600; 
2023.10.20_16:39:55:145; 11.981400; 11.762600; 11.787200; 
2023.10.20_16:39:55:245; 11.943100; 11.440000; 11.582200; 
2023.10.20_16:39:55:345; 11.224000; 11.240400; 11.748900; 
2023.10.20_16:39:55:445; 11.574000; 11.735300; 12.273900; 
2023.10.20_16:39:55:545; 12.525500; 11.822800; 11.962200; 
2023.10.20_16:39:55:645; 12.082500; 11.921200; 12.008700; 
2023.10.20_16:39:55:745; 11.724300; 11.527500; 11.688800; 
2023.10.20_16:39:55:845; 12.219200; 12.271200; 12.115300; 
2023.10.20_16:39:55:945; 12.235700; 11.653200; 12.156400; 
2023.10.20_16:39:56:045; 12.181000; 11.831000; 11.885700; 
2023.10.20_16:39:56:145; 11.997800; 11.773600; 11.716100; 
2023.10.20_16:39:56:245; 11.858300; 11.768100; 11.751700; 
2023.10.20_16:39:56:345; 11.757100; 11.664200; 11.535700; 
2023.10.20_16:39:56:445; 11.959500; 12.536400; 12.484500; 
2023.10.20_16:39:56:545; 12.142700; 12.380600; 12.716900; 
2023.10.20_16:39:56:645; 12.708700; 12.643100; 12.312200; 
2023.10.20_16:39:56:745; 12.872700; 12.837200; 12.520000; 
2023.10.20_16:39:56:845; 12.654000; 12.260300; 12.634900; 
2023.10.20_16:39:56:945; 12.282100; 12.301300; 12.681300; 
2023.10.20_16:39:57:045; 12.730600; 12.848100; 12.673100; 
2023.10.20_16:39:57:145; 12.919200; 12.541900; 12.416100; 
2023.10.20_16:39:57:245; 12.167300; 12.150900; 12.243900; 
2023.10.20_16:39:57:345; 11.820000; 12.317700; 11.565700; 
2023.10.20_16:39:57:445; 12.077100; 11.699700; 12.500900; 
2023.10.20_16:39:57:545; 12.238400; 12.353200; 12.202800; 
2023.10.20_16:39:57:645; 11.811800; 12.011400; 11.970400; 
2023.10.20_16:39:57:745; 12.036000; 12.224700; 12.399700; 
2023.10.20_16:39:57:845; 11.945800; 11.869300; 11.814600; 
2023.10.20_16:39:57:945; 11.554800; 12.323200; 12.038800; 
2023.10.20_16:39:58:045; 12.391500; 12.290300; 12.284900; 
2023.10.20_16:39:58:145; 12.383300; 12.025100; 11.940300; 
2023.10.20_16:39:58:245; 11.956800; 12.085300; 12.257500; 
2023.10.20_16:39:58:345; 11.779000; 11.713400; 11.877500; 
2023.10.20_16:39:58:445; 11.740700; 11.874700; 11.710700; 
2023.10.20_16:39:58:545; 11.579400; 11.267700; 11.054400; 
2023.10.20_16:39:58:645; 10.767300; 11.166500; 11.442700; 
2023.10.20_16:39:58:745; 11.243100; 11.027100; 11.065400; 
2023.10.20_16:39:58:845; 11.508300; 10.999700; 10.868500; 
2023.10.20_16:39:58:945; 10.729100; 10.357200; 10.141200; 
2023.10.20_16:39:59:045; 10.245100; 10.373600; 10.261500; 
2023.10.20_16:39:59:145; 10.392700; 10.551300; 10.554100; 
2023.10.20_16:39:59:245; 11.666900; 12.550100; 12.481700; 
2023.10.20_16:39:59:345; 13.107900; 12.388800; 12.900100; 
2023.10.20_16:39:59:445; 13.132500; 12.700500; 12.637600; 
2023.10.20_16:39:59:545; 12.829000; 12.790700; 12.336800; 
2023.10.20_16:39:59:645; 11.975900; 12.003200; 12.946600; 
2023.10.20_16:39:59:745; 12.744200; 12.366900; 11.697000; 
2023.10.20_16:39:59:845; 11.833700; 11.631400; 11.522000; 
2023.10.20_16:39:59:945; 11.234900; 11.483700; 11.475500; 
2023.10.20_16:40:00:045; 11.355200; 11.371600; 11.702500; 
2023.10.20_16:40:00:145; 11.798200; 11.828200; 12.200100; 
2023.10.20_16:40:00:245; 12.356000; 12.632100; 12.522800; 
2023.10.20_16:40:00:345; 12.544600; 12.443500; 12.178200; 
2023.10.20_16:40:00:445; 12.252100; 12.372400; 12.131700; 
2023.10.20_16:40:00:545; 11.880200; 12.079800; 12.984900; 
2023.10.20_16:40:00:645; 13.138000; 13.091500; 11.951300; 
2023.10.20_16:40:00:745; 11.193900; 11.128300; 11.070800; 
2023.10.20_16:40:00:845; 11.297800; 11.467300; 10.956000; 
2023.10.20_16:40:00:945; 10.961500; 11.136500; 10.915000; 
2023.10.20_16:40:01:045; 10.893100; 11.114600; 11.024400; 
2023.10.20_16:40:01:145; 10.925900; 10.917700; 10.720800; 
2023.10.20_16:40:01:245; 10.668900; 10.696200; 10.537600; 
2023.10.20_16:40:01:345; 10.483000; 10.638800; 10.204100; 
2023.10.20_16:40:01:445; 9.949800; 10.018100; 10.359900; 
2023.10.20_16:40:01:545; 10.302500; 10.526700; 10.253300; 
2023.10.20_16:40:01:645; 10.395500; 10.422800; 10.625100; 
2023.10.20_16:40:01:745; 10.775500; 10.983300; 10.524000; 
2023.10.20_16:40:01:845; 10.472000; 10.236900; 9.897800; 
2023.10.20_16:40:01:945; 9.651700; 10.094700; 10.742700; 
2023.10.20_16:40:02:045; 10.715400; 11.357900; 11.232200; 
2023.10.20_16:40:02:145; 11.207600; 10.846600; 10.966900; 
2023.10.20_16:40:02:245; 10.884900; 10.975100; 10.945100; 
2023.10.20_16:40:02:345; 10.980600; 10.909500; 10.805600; 
2023.10.20_16:40:02:445; 10.972400; 11.363400; 10.887600; 
2023.10.20_16:40:02:545; 11.133700; 10.450200; 10.485700; 
2023.10.20_16:40:02:645; 10.310700; 10.004500; 10.335300; 
2023.10.20_16:40:02:745; 10.195900; 10.072800; 10.338000; 
2023.10.20_16:40:02:845; 10.444700; 10.491200; 10.540400; 
2023.10.20_16:40:02:945; 10.480200; 10.362700; 10.064600; 
2023.10.20_16:40:03:045; 9.982600; 10.223200; 10.174000; 
2023.10.20_16:40:03:145; 9.873200; 9.695500; 9.780200; 
2023.10.20_16:40:03:245; 9.594300; 9.520500; 9.657200; 
2023.10.20_16:40:03:345; 9.474000; 8.888900; 9.050200; 
2023.10.20_16:40:03:445; 8.776800; 8.675600; 8.738500; 
2023.10.20_16:40:03:545; 8.601800; 8.894300; 8.853300; 
2023.10.20_16:40:03:645; 9.093900; 9.091200; 9.170500; 
2023.10.20_16:40:03:745; 9.966200; 9.545100; 10.193100; 
2023.10.20_16:40:03:845; 10.190400; 9.739200; 9.788500; 
2023.10.20_16:40:03:945; 9.720100; 9.670900; 9.460300; 
2023.10.20_16:40:04:045; 9.296300; 9.348200; 9.665400; 
2023.10.20_16:40:04:145; 9.490400; 9.610700; 9.635300; 
2023.10.20_16:40:04:245; 9.526000; 9.181400; 9.484900; 
2023.10.20_16:40:04:345; 9.364600; 9.247100; 9.233400; 
2023.10.20_16:40:04:445; 9.230700; 8.984600; 9.337300; 
2023.10.20_16:40:04:545; 9.342800; 9.129500; 9.058400; 
2023.10.20_16:40:04:645; 8.943600; 9.156800; 8.965400; 
2023.10.20_16:40:04:745; 9.728300; 9.085700; 8.946300; 
2023.10.20_16:40:04:845; 9.022800; 9.020100; 9.052900; 
2023.10.20_16:40:04:945; 8.910700; 9.208800; 8.981800; 
2023.10.20_16:40:05:045; 9.132200; 8.902500; 8.883400; 
2023.10.20_16:40:05:145; 8.607200; 8.497900; 8.426800; 
2023.10.20_16:40:05:245; 8.235400; 8.202600; 8.213500; 
2023.10.20_16:40:05:345; 8.366600; 8.377500; 8.435000; 
2023.10.20_16:40:05:445; 8.905300; 8.610000; 9.184200; 
2023.10.20_16:40:05:545; 8.957200; 8.877900; 8.856100; 
2023.10.20_16:40:05:645; 8.815000; 8.771300; 8.850600; 
2023.10.20_16:40:05:745; 8.968200; 8.823200; 9.307200; 
2023.10.20_16:40:05:845; 9.028300; 8.708400; 8.746700; 
2023.10.20_16:40:05:945; 8.973600; 8.640000; 8.574400; 
2023.10.20_16:40:06:045; 8.527900; 8.514300; 8.558000; 
2023.10.20_16:40:06:145; 8.664700; 8.544300; 8.519700; 
2023.10.20_16:40:06:245; 8.661900; 8.620900; 8.826000; 
2023.10.20_16:40:06:345; 8.612700; 8.809600; 8.672900; 
2023.10.20_16:40:06:445; 8.385800; 8.760400; 8.949000; 
2023.10.20_16:40:06:545; 8.867000; 8.806800; 8.440400; 
2023.10.20_16:40:06:645; 8.188900; 8.339300; 8.692000; 
2023.10.20_16:40:06:745; 8.205300; 8.177900; 8.279100; 
2023.10.20_16:40:06:845; 8.320100; 8.134200; 8.238100; 
2023.10.20_16:40:06:945; 8.301000; 8.533400; 8.861500; 
2023.10.20_16:40:07:045; 8.899800; 8.790400; 8.604500; 
2023.10.20_16:40:07:145; 8.465000; 8.637300; 8.599000; 
2023.10.20_16:40:07:245; 8.659200; 8.470500; 8.749400; 
2023.10.20_16:40:07:345; 8.552500; 8.891600; 9.383800; 
2023.10.20_16:40:07:445; 9.493100; 9.750200; 9.323600; 
2023.10.20_16:40:07:545; 9.244300; 9.411100; 9.110300; 
2023.10.20_16:40:07:645; 9.047500; 9.252500; 9.151400; 
2023.10.20_16:40:07:745; 9.290800; 9.031000; 8.886100; 
2023.10.20_16:40:07:845; 8.763100; 8.700200; 8.722100; 
2023.10.20_16:40:07:945; 8.415800; 8.489700; 8.757600; 
2023.10.20_16:40:08:045; 8.743900; 8.918900; 8.990000; 
2023.10.20_16:40:08:145; 8.962700; 9.211500; 9.140400; 
2023.10.20_16:40:08:245; 9.241600; 9.282600; 9.219700; 
2023.10.20_16:40:08:345; 9.279900; 9.288100; 9.137700; 
2023.10.20_16:40:08:445; 9.126700; 9.009200; 8.719300; 
2023.10.20_16:40:08:545; 8.995500; 9.195100; 8.875200; 
2023.10.20_16:40:08:645; 8.828700; 8.987300; 8.765800; 
