TimeStamp_UTC; mm_ws_110m[m/s]; mm_ws_60m[m/s]; mm_wd_110m[deg]; 
2023.10.20_16:24:08:745; 9.296300; 8.856100; 227.565300; 
2023.10.20_16:24:08:845; 9.348200; 9.186900; 227.587300; 
2023.10.20_16:24:08:945; 9.665400; 9.829500; 227.741100; 
2023.10.20_16:24:09:045; 9.665400; 9.829500; 227.741100; 
2023.10.20_16:24:09:145; 9.490400; 9.788500; 228.510200; 
2023.10.20_16:24:09:245; 9.665400; 9.922400; 228.510200; 
2023.10.20_16:24:09:345; 9.665400; 9.922400; 228.510200; 
2023.10.20_16:24:09:445; 9.610700; 9.701000; 229.542900; 
2023.10.20_16:24:09:545; 9.610700; 9.701000; 229.542900; 
2023.10.20_16:24:09:645; 9.635300; 9.670900; 229.455000; 
2023.10.20_16:24:09:745; 9.635300; 9.670900; 229.455000; 
2023.10.20_16:24:09:845; 9.526000; 9.629900; 229.389100; 
2023.10.20_16:24:09:945; 9.526000; 9.629900; 229.389100; 
2023.10.20_16:24:10:045; 9.526000; 9.629900; 229.389100; 
2023.10.20_16:24:10:145; 9.181400; 9.203300; 229.367100; 
2023.10.20_16:24:10:245; 9.181400; 9.203300; 229.367100; 
2023.10.20_16:24:10:345; 9.181400; 9.203300; 229.367100; 
2023.10.20_16:24:10:445; 9.181400; 9.203300; 229.367100; 
2023.10.20_16:24:10:545; 9.484900; 9.249800; 228.642000; 
2023.10.20_16:24:10:645; 9.364600; 9.129500; 228.664000; 
2023.10.20_16:24:10:745; 9.247100; 9.167800; 229.345200; 
2023.10.20_16:24:10:845; 9.233400; 8.785000; 229.345200; 
2023.10.20_16:24:10:945; 9.230700; 9.066600; 229.301200; 
2023.10.20_16:24:11:045; 8.984600; 9.200600; 229.323200; 
2023.10.20_16:24:11:145; 9.337300; 8.836900; 229.674800; 
2023.10.20_16:24:11:245; 9.337300; 8.836900; 229.674800; 
2023.10.20_16:24:11:345; 9.342800; 8.815000; 229.630800; 
2023.10.20_16:24:11:445; 9.129500; 8.935300; 229.608900; 
2023.10.20_16:24:11:545; 9.058400; 8.798600; 227.807000; 
2023.10.20_16:24:11:645; 8.943600; 8.722100; 228.070700; 
2023.10.20_16:24:11:745; 9.156800; 8.872500; 228.048700; 
2023.10.20_16:24:11:845; 8.965400; 9.031000; 228.026700; 
2023.10.20_16:24:11:945; 9.728300; 8.771300; 228.092700; 
2023.10.20_16:24:12:045; 9.085700; 8.629100; 228.092700; 
2023.10.20_16:24:12:145; 8.946300; 8.514300; 228.092700; 
2023.10.20_16:24:12:245; 9.022800; 8.612700; 228.070700; 
2023.10.20_16:24:12:345; 9.020100; 8.921700; 225.016300; 
2023.10.20_16:24:12:445; 9.052900; 8.913500; 224.862500; 
2023.10.20_16:24:12:545; 8.910700; 9.052900; 224.928400; 
2023.10.20_16:24:12:645; 9.208800; 9.178700; 224.906400; 
2023.10.20_16:24:12:745; 8.981800; 9.058400; 230.531800; 
2023.10.20_16:24:12:845; 9.132200; 9.077500; 229.696800; 
2023.10.20_16:24:12:945; 8.902500; 8.798600; 229.806600; 
2023.10.20_16:24:13:045; 8.883400; 8.883400; 229.850600; 
2023.10.20_16:24:13:145; 8.607200; 8.771300; 229.894500; 
2023.10.20_16:24:13:245; 8.497900; 8.645500; 231.213000; 
2023.10.20_16:24:13:345; 8.601800; 8.637300; 231.103100; 
2023.10.20_16:24:13:445; 8.426800; 8.194400; 231.147000; 
2023.10.20_16:24:13:545; 8.235400; 8.273600; 231.169000; 
2023.10.20_16:24:13:645; 8.202600; 8.268200; 231.410700; 
2023.10.20_16:24:13:745; 8.213500; 8.309200; 231.410700; 
2023.10.20_16:24:13:845; 8.366600; 8.407600; 231.388800; 
2023.10.20_16:24:13:945; 8.377500; 8.607200; 231.410700; 
2023.10.20_16:24:14:045; 8.435000; 8.549800; 233.740000; 
2023.10.20_16:24:14:145; 8.905300; 8.517000; 233.761900; 
2023.10.20_16:24:14:245; 8.610000; 8.495100; 233.761900; 
2023.10.20_16:24:14:345; 9.184200; 8.517000; 233.761900; 
2023.10.20_16:24:14:445; 8.910700; 8.785000; 233.696000; 
2023.10.20_16:24:14:545; 8.957200; 8.719300; 233.696000; 
2023.10.20_16:24:14:645; 8.877900; 8.836900; 233.696000; 
2023.10.20_16:24:14:745; 8.856100; 8.976400; 233.696000; 
2023.10.20_16:24:14:845; 8.815000; 9.370100; 228.839800; 
2023.10.20_16:24:14:945; 8.771300; 9.452100; 228.949600; 
2023.10.20_16:24:15:045; 8.850600; 9.851300; 228.971600; 
2023.10.20_16:24:15:145; 8.968200; 9.668100; 228.883700; 
2023.10.20_16:24:15:245; 8.894300; 9.761100; 228.861700; 
2023.10.20_16:24:15:345; 8.894300; 9.761100; 228.861700; 
2023.10.20_16:24:15:445; 8.823200; 9.646300; 229.938500; 
2023.10.20_16:24:15:545; 8.823200; 9.646300; 229.938500; 
2023.10.20_16:24:15:645; 8.823200; 9.646300; 229.938500; 
2023.10.20_16:24:15:745; 9.307200; 9.181400; 231.828200; 
2023.10.20_16:24:15:845; 9.028300; 9.074800; 231.872200; 
2023.10.20_16:24:15:945; 8.771300; 9.042000; 231.850200; 
2023.10.20_16:24:16:045; 8.708400; 8.927100; 231.850200; 
2023.10.20_16:24:16:145; 8.746700; 8.924400; 232.267700; 
2023.10.20_16:24:16:245; 8.823200; 8.730300; 232.289700; 
2023.10.20_16:24:16:345; 8.973600; 8.713900; 232.267700; 
2023.10.20_16:24:16:445; 8.640000; 8.661900; 232.267700; 
2023.10.20_16:24:16:545; 8.574400; 8.536100; 234.201400; 
2023.10.20_16:24:16:645; 8.527900; 8.476000; 234.575000; 
2023.10.20_16:24:16:745; 8.514300; 8.106900; 234.575000; 
2023.10.20_16:24:16:845; 8.558000; 8.117800; 234.553000; 
2023.10.20_16:24:16:945; 8.664700; 8.074000; 234.553000; 
2023.10.20_16:24:17:045; 8.544300; 7.989300; 235.322100; 
2023.10.20_16:24:17:145; 8.519700; 7.715800; 235.256200; 
2023.10.20_16:24:17:245; 8.661900; 7.852600; 235.278200; 
2023.10.20_16:24:17:345; 8.620900; 8.339300; 235.673700; 
2023.10.20_16:24:17:445; 8.826000; 7.926400; 235.893400; 
2023.10.20_16:24:17:545; 8.826000; 7.926400; 235.893400; 
2023.10.20_16:24:17:645; 8.612700; 7.893600; 235.915400; 
2023.10.20_16:24:17:745; 8.894300; 7.789700; 235.893400; 
2023.10.20_16:24:17:845; 8.809600; 8.254500; 229.630800; 
2023.10.20_16:24:17:945; 8.809600; 8.254500; 229.630800; 
2023.10.20_16:24:18:045; 8.672900; 8.847900; 230.202200; 
2023.10.20_16:24:18:145; 8.385800; 9.022800; 230.378000; 
2023.10.20_16:24:18:245; 8.760400; 9.186900; 233.849800; 
2023.10.20_16:24:18:345; 8.809600; 8.804100; 233.893800; 
2023.10.20_16:24:18:445; 8.949000; 9.151400; 233.871800; 
2023.10.20_16:24:18:545; 8.867000; 9.206000; 233.871800; 
2023.10.20_16:24:18:645; 8.806800; 9.173200; 237.431600; 
2023.10.20_16:24:18:745; 8.497900; 9.545100; 237.629400; 
2023.10.20_16:24:18:845; 8.440400; 9.334600; 237.695300; 
2023.10.20_16:24:18:945; 8.188900; 9.558800; 237.717300; 
2023.10.20_16:24:19:045; 8.339300; 9.498600; 233.432300; 
2023.10.20_16:24:19:145; 8.692000; 9.433000; 233.893800; 
2023.10.20_16:24:19:245; 8.205300; 9.063900; 234.047600; 
2023.10.20_16:24:19:345; 8.205300; 9.063900; 234.047600; 
2023.10.20_16:24:19:445; 8.177900; 8.984600; 233.959700; 
2023.10.20_16:24:19:545; 8.377500; 9.430300; 237.409600; 
2023.10.20_16:24:19:645; 8.279100; 9.430300; 237.255800; 
2023.10.20_16:24:19:745; 8.320100; 9.247100; 237.277800; 
2023.10.20_16:24:19:845; 8.134200; 9.621700; 237.233800; 
2023.10.20_16:24:19:945; 8.238100; 9.668100; 234.047600; 
2023.10.20_16:24:20:045; 8.301000; 9.569700; 234.025600; 
2023.10.20_16:24:20:145; 8.533400; 9.635300; 234.047600; 
2023.10.20_16:24:20:245; 8.861500; 10.338000; 234.025600; 
2023.10.20_16:24:20:345; 8.861500; 10.338000; 234.025600; 
2023.10.20_16:24:20:445; 8.823200; 10.119300; 224.708700; 
2023.10.20_16:24:20:545; 8.899800; 9.985300; 224.972400; 
2023.10.20_16:24:20:645; 8.894300; 9.944300; 224.994300; 
2023.10.20_16:24:20:745; 8.894300; 10.108400; 225.675500; 
2023.10.20_16:24:20:845; 8.809600; 10.261500; 226.005100; 
2023.10.20_16:24:20:945; 8.790400; 10.474800; 225.983200; 
2023.10.20_16:24:21:045; 8.604500; 10.608700; 225.983200; 
2023.10.20_16:24:21:145; 8.465000; 10.608700; 230.619700; 
2023.10.20_16:24:21:245; 8.637300; 10.433700; 230.509800; 
2023.10.20_16:24:21:345; 8.599000; 10.089200; 230.531800; 
2023.10.20_16:24:21:445; 8.659200; 10.171300; 230.443900; 
2023.10.20_16:24:21:545; 8.470500; 10.275200; 236.420800; 
2023.10.20_16:24:21:645; 8.749400; 10.163100; 235.629700; 
2023.10.20_16:24:21:745; 8.552500; 9.977100; 236.025300; 
2023.10.20_16:24:21:845; 9.052900; 9.586100; 236.091200; 
2023.10.20_16:24:21:945; 8.891600; 9.638100; 236.135100; 
2023.10.20_16:24:22:045; 9.383800; 9.331800; 235.124300; 
2023.10.20_16:24:22:145; 9.493100; 9.673600; 235.146300; 
2023.10.20_16:24:22:245; 9.750200; 9.206000; 235.146300; 
2023.10.20_16:24:22:345; 9.323600; 9.542400; 235.146300; 
2023.10.20_16:24:22:445; 9.244300; 9.536900; 226.972000; 
2023.10.20_16:24:22:545; 9.411100; 9.515000; 226.093000; 
2023.10.20_16:24:22:645; 9.110300; 9.599800; 226.246800; 
2023.10.20_16:24:22:745; 9.047500; 9.356400; 226.312800; 
2023.10.20_16:24:22:845; 9.252500; 9.274400; 226.115000; 
2023.10.20_16:24:22:945; 9.151400; 9.553300; 226.137000; 
2023.10.20_16:24:23:045; 9.290800; 9.824000; 226.137000; 
2023.10.20_16:24:23:145; 9.031000; 9.433000; 226.115000; 
2023.10.20_16:24:23:245; 8.886100; 9.561500; 226.246800; 
2023.10.20_16:24:23:345; 8.888900; 9.247100; 230.707600; 
2023.10.20_16:24:23:445; 8.763100; 9.203300; 230.883400; 
2023.10.20_16:24:23:545; 8.700200; 9.260700; 230.861400; 
2023.10.20_16:24:23:645; 8.722100; 9.526000; 230.509800; 
2023.10.20_16:24:23:745; 8.415800; 9.433000; 229.411100; 
2023.10.20_16:24:23:845; 8.489700; 9.326400; 229.301200; 
2023.10.20_16:24:23:945; 8.886100; 9.351000; 229.367100; 
2023.10.20_16:24:24:045; 8.757600; 9.930600; 232.223800; 
2023.10.20_16:24:24:145; 8.743900; 9.878700; 233.630100; 
2023.10.20_16:24:24:245; 8.861500; 10.072800; 233.388400; 
2023.10.20_16:24:24:345; 8.856100; 10.217700; 233.454300; 
2023.10.20_16:24:24:445; 8.918900; 10.031800; 232.751100; 
2023.10.20_16:24:24:545; 8.990000; 10.094700; 227.323600; 
2023.10.20_16:24:24:645; 8.962700; 10.138400; 227.169800; 
2023.10.20_16:24:24:745; 9.211500; 10.092000; 227.323600; 
2023.10.20_16:24:24:845; 9.140400; 10.187700; 227.257600; 
2023.10.20_16:24:24:945; 9.241600; 9.884200; 228.927700; 
2023.10.20_16:24:25:045; 9.282600; 9.906000; 229.059500; 
2023.10.20_16:24:25:145; 9.132200; 9.870500; 229.103500; 
2023.10.20_16:24:25:245; 9.219700; 9.397400; 229.125400; 
2023.10.20_16:24:25:345; 9.279900; 9.545100; 227.257600; 
2023.10.20_16:24:25:445; 9.288100; 9.591600; 227.543300; 
2023.10.20_16:24:25:545; 9.137700; 9.340000; 227.521300; 
2023.10.20_16:24:25:645; 9.230700; 9.304500; 227.499400; 
2023.10.20_16:24:25:745; 9.230700; 9.225200; 227.477400; 
2023.10.20_16:24:25:845; 9.126700; 9.074800; 234.553000; 
2023.10.20_16:24:25:945; 9.009200; 8.935300; 234.135500; 
2023.10.20_16:24:26:045; 8.719300; 8.689300; 234.245400; 
2023.10.20_16:24:26:145; 8.867000; 8.626400; 234.179500; 
2023.10.20_16:24:26:245; 9.031000; 8.394000; 234.860600; 
2023.10.20_16:24:26:345; 8.995500; 8.440400; 234.860600; 
2023.10.20_16:24:26:445; 9.195100; 8.593600; 234.838700; 
2023.10.20_16:24:26:545; 8.867000; 8.793200; 234.882600; 
2023.10.20_16:24:26:645; 8.875200; 8.711100; 235.959400; 
2023.10.20_16:24:26:745; 8.828700; 8.913500; 235.959400; 
2023.10.20_16:24:26:845; 8.987300; 8.828700; 235.915400; 
2023.10.20_16:24:26:945; 8.765800; 9.028300; 235.981300; 
2023.10.20_16:24:27:045; 9.025600; 8.913500; 236.728400; 
2023.10.20_16:24:27:145; 8.834200; 9.137700; 236.772400; 
2023.10.20_16:24:27:245; 8.850600; 9.014600; 236.750400; 
2023.10.20_16:24:27:345; 8.645500; 9.222500; 236.750400; 
2023.10.20_16:24:27:445; 8.719300; 9.197800; 226.598400; 
2023.10.20_16:24:27:545; 8.571700; 9.517800; 228.070700; 
2023.10.20_16:24:27:645; 8.667400; 9.501300; 227.872900; 
2023.10.20_16:24:27:745; 8.549800; 9.750200; 227.916900; 
2023.10.20_16:24:27:845; 8.637300; 9.624400; 237.321700; 
2023.10.20_16:24:27:945; 8.402200; 9.610700; 236.596600; 
2023.10.20_16:24:28:045; 8.517000; 9.750200; 236.574600; 
2023.10.20_16:24:28:145; 8.361100; 9.802100; 236.552600; 
2023.10.20_16:24:28:245; 8.514300; 9.958000; 235.563800; 
2023.10.20_16:24:28:345; 8.642800; 9.903300; 232.729200; 
2023.10.20_16:24:28:445; 8.743900; 9.722800; 232.399600; 
2023.10.20_16:24:28:545; 8.653700; 10.092000; 232.421500; 
2023.10.20_16:24:28:645; 8.785000; 9.974400; 232.399600; 
2023.10.20_16:24:28:745; 8.774000; 10.050900; 233.652100; 
2023.10.20_16:24:28:845; 8.590800; 9.815800; 233.652100; 
2023.10.20_16:24:28:945; 8.536100; 9.933400; 233.630100; 
2023.10.20_16:24:29:045; 8.661900; 9.484900; 233.652100; 
2023.10.20_16:24:29:145; 8.648200; 9.490400; 233.168700; 
2023.10.20_16:24:29:245; 8.867000; 9.561500; 233.168700; 
2023.10.20_16:24:29:345; 8.664700; 9.392000; 233.168700; 
2023.10.20_16:24:29:445; 8.511500; 9.452100; 233.168700; 
2023.10.20_16:24:29:545; 8.476000; 9.433000; 224.686700; 
2023.10.20_16:24:29:645; 8.301000; 9.490400; 224.994300; 
2023.10.20_16:24:29:745; 8.136900; 9.553300; 224.950400; 
2023.10.20_16:24:29:845; 8.000200; 9.547800; 224.994300; 
2023.10.20_16:24:29:945; 8.046700; 9.438500; 225.104200; 
2023.10.20_16:24:30:045; 7.951000; 9.597000; 225.148100; 
2023.10.20_16:24:30:145; 8.191600; 9.337300; 225.126200; 
2023.10.20_16:24:30:245; 8.363900; 9.359200; 225.126200; 
2023.10.20_16:24:30:345; 8.262700; 9.093900; 225.609600; 
2023.10.20_16:24:30:445; 8.235400; 8.809600; 225.631600; 
2023.10.20_16:24:30:545; 8.038500; 9.263500; 225.653500; 
2023.10.20_16:24:30:645; 8.229900; 9.039300; 225.653500; 
2023.10.20_16:24:30:745; 8.188900; 9.372800; 225.763400; 
2023.10.20_16:24:30:845; 8.147900; 9.145900; 226.620400; 
2023.10.20_16:24:30:945; 8.243600; 9.427500; 226.642400; 
2023.10.20_16:24:31:045; 8.104100; 9.495900; 226.664400; 
2023.10.20_16:24:31:145; 8.087700; 9.386500; 226.642400; 
2023.10.20_16:24:31:245; 8.120500; 9.208800; 229.037500; 
2023.10.20_16:24:31:345; 8.049400; 9.520500; 229.213300; 
2023.10.20_16:24:31:445; 8.079500; 9.304500; 229.279300; 
2023.10.20_16:24:31:545; 8.076800; 9.260700; 229.279300; 
2023.10.20_16:24:31:645; 8.175200; 8.932600; 230.839400; 
2023.10.20_16:24:31:745; 8.678300; 9.189600; 230.685600; 
2023.10.20_16:24:31:845; 8.208000; 8.771300; 230.619700; 
2023.10.20_16:24:31:945; 8.552500; 8.856100; 230.641600; 
2023.10.20_16:24:32:045; 8.385800; 8.421300; 226.972000; 
2023.10.20_16:24:32:145; 8.506100; 8.555300; 227.609200; 
2023.10.20_16:24:32:245; 8.350200; 8.399400; 227.411500; 
2023.10.20_16:24:32:345; 8.309200; 8.563500; 227.455400; 
2023.10.20_16:24:32:445; 8.451400; 8.478700; 226.906100; 
2023.10.20_16:24:32:545; 8.347500; 8.544300; 223.851700; 
2023.10.20_16:24:32:645; 8.413100; 8.322900; 223.741800; 
2023.10.20_16:24:32:745; 8.303700; 8.459600; 223.697900; 
2023.10.20_16:24:32:845; 8.016600; 8.631800; 226.444600; 
2023.10.20_16:24:32:945; 7.967400; 8.949000; 228.620000; 
2023.10.20_16:24:33:045; 8.309200; 8.823200; 228.642000; 
2023.10.20_16:24:33:145; 7.986500; 8.990000; 228.729900; 
2023.10.20_16:24:33:245; 7.833400; 8.538900; 228.817800; 
2023.10.20_16:24:33:345; 7.836200; 8.593600; 230.092300; 
2023.10.20_16:24:33:445; 8.325600; 8.366600; 230.048300; 
2023.10.20_16:24:33:545; 7.896300; 8.172500; 230.070300; 
2023.10.20_16:24:33:645; 8.180700; 8.000200; 230.004400; 
2023.10.20_16:24:33:745; 8.049400; 7.890800; 231.344800; 
2023.10.20_16:24:33:845; 8.065800; 8.049400; 231.432700; 
2023.10.20_16:24:33:945; 8.229900; 8.005700; 231.432700; 
2023.10.20_16:24:34:045; 7.964700; 8.024800; 231.476700; 
2023.10.20_16:24:34:145; 8.123300; 8.279100; 227.850900; 
2023.10.20_16:24:34:245; 8.095900; 8.139700; 228.158600; 
2023.10.20_16:24:34:345; 7.860800; 8.473300; 228.180600; 
2023.10.20_16:24:34:445; 8.448600; 8.426800; 228.136600; 
2023.10.20_16:24:34:545; 8.303700; 8.199800; 229.345200; 
2023.10.20_16:24:34:645; 8.372100; 8.276400; 230.905300; 
2023.10.20_16:24:34:745; 8.333800; 7.751400; 230.927300; 
2023.10.20_16:24:34:845; 8.782200; 7.830700; 230.949300; 
2023.10.20_16:24:34:945; 8.555300; 7.568200; 229.630800; 
2023.10.20_16:24:35:045; 8.467800; 7.549100; 226.202900; 
2023.10.20_16:24:35:145; 8.678300; 7.488900; 226.290800; 
2023.10.20_16:24:35:245; 8.670100; 7.699400; 226.290800; 
2023.10.20_16:24:35:345; 8.908000; 7.633800; 226.334700; 
2023.10.20_16:24:35:445; 9.036500; 7.721300; 228.422300; 
2023.10.20_16:24:35:545; 8.620900; 7.819800; 228.422300; 
2023.10.20_16:24:35:645; 8.932600; 7.724100; 228.444200; 
2023.10.20_16:24:35:745; 8.599000; 7.814300; 228.422300; 
2023.10.20_16:24:35:845; 8.640000; 7.781500; 227.345500; 
2023.10.20_16:24:35:945; 8.369300; 7.715800; 227.279600; 
2023.10.20_16:24:36:045; 8.754900; 7.543600; 227.257600; 
2023.10.20_16:24:36:145; 8.426800; 7.661200; 227.301600; 
2023.10.20_16:24:36:245; 8.667400; 7.833400; 228.422300; 
2023.10.20_16:24:36:345; 8.670100; 7.532700; 228.488200; 
2023.10.20_16:24:36:445; 8.519700; 7.666600; 228.466200; 
2023.10.20_16:24:36:545; 8.973600; 7.639300; 228.444200; 
2023.10.20_16:24:36:645; 8.615400; 7.543600; 229.784700; 
2023.10.20_16:24:36:745; 8.970900; 7.639300; 229.762700; 
2023.10.20_16:24:36:845; 8.511500; 7.767800; 229.806600; 
2023.10.20_16:24:36:945; 8.585400; 7.737700; 229.828600; 
2023.10.20_16:24:37:045; 8.448600; 7.601000; 229.828600; 
2023.10.20_16:24:37:145; 8.653700; 7.841600; 227.411500; 
2023.10.20_16:24:37:245; 8.476000; 7.800600; 227.521300; 
2023.10.20_16:24:37:345; 8.719300; 7.833400; 227.565300; 
2023.10.20_16:24:37:445; 8.596300; 7.910000; 227.565300; 
2023.10.20_16:24:37:545; 8.708400; 7.704900; 229.455000; 
2023.10.20_16:24:37:645; 8.648200; 7.450600; 229.564900; 
2023.10.20_16:24:37:745; 8.681100; 7.614700; 229.586900; 
2023.10.20_16:24:37:845; 8.495100; 7.888100; 229.564900; 
2023.10.20_16:24:37:945; 8.675600; 7.488900; 229.191400; 
2023.10.20_16:24:38:045; 8.560700; 7.696700; 229.147400; 
2023.10.20_16:24:38:145; 8.610000; 7.579100; 229.147400; 
2023.10.20_16:24:38:245; 8.536100; 7.510800; 229.147400; 
2023.10.20_16:24:38:345; 8.719300; 7.480700; 223.719800; 
2023.10.20_16:24:38:445; 8.418600; 7.685800; 224.093400; 
2023.10.20_16:24:38:545; 8.651000; 7.579100; 224.159300; 
2023.10.20_16:24:38:645; 8.456800; 7.376800; 224.247200; 
2023.10.20_16:24:38:745; 8.670100; 7.573700; 231.344800; 
2023.10.20_16:24:38:845; 8.626400; 7.546300; 230.707600; 
2023.10.20_16:24:38:945; 8.667400; 7.601000; 230.597700; 
2023.10.20_16:24:39:045; 8.795900; 7.972900; 230.531800; 
2023.10.20_16:24:39:145; 8.484200; 7.912700; 230.202200; 
2023.10.20_16:24:39:245; 8.708400; 7.663900; 228.971600; 
2023.10.20_16:24:39:345; 8.522500; 7.795100; 228.927700; 
2023.10.20_16:24:39:445; 8.563500; 7.828000; 228.905700; 
2023.10.20_16:24:39:545; 8.440400; 7.669400; 228.773800; 
2023.10.20_16:24:39:645; 8.563500; 8.090400; 226.928000; 
2023.10.20_16:24:39:745; 8.388500; 8.011200; 226.972000; 
2023.10.20_16:24:39:845; 8.552500; 8.172500; 227.015900; 
2023.10.20_16:24:39:945; 8.260000; 8.448600; 227.015900; 
2023.10.20_16:24:40:045; 8.361100; 8.514300; 226.049100; 
2023.10.20_16:24:40:145; 8.333800; 8.809600; 226.005100; 
2023.10.20_16:24:40:245; 8.497900; 8.648200; 225.983200; 
2023.10.20_16:24:40:345; 8.257200; 8.806800; 225.983200; 
2023.10.20_16:24:40:445; 8.265400; 8.823200; 226.862100; 
2023.10.20_16:24:40:545; 8.563500; 8.981800; 226.752200; 
2023.10.20_16:24:40:645; 8.421300; 8.869700; 226.752200; 
2023.10.20_16:24:40:745; 8.620900; 8.637300; 226.774200; 
2023.10.20_16:24:40:845; 8.672900; 8.372100; 225.543700; 
2023.10.20_16:24:40:945; 8.864300; 8.547100; 225.675500; 
2023.10.20_16:24:41:045; 8.776800; 8.454100; 225.675500; 
2023.10.20_16:24:41:145; 8.910700; 8.779500; 225.675500; 
2023.10.20_16:24:41:245; 8.798600; 8.834200; 225.170100; 
2023.10.20_16:24:41:345; 8.935300; 9.208800; 224.686700; 
2023.10.20_16:24:41:445; 8.752200; 9.255300; 224.642700; 
2023.10.20_16:24:41:545; 8.973600; 9.192400; 224.642700; 
2023.10.20_16:24:41:645; 8.828700; 9.392000; 224.379100; 
2023.10.20_16:24:41:745; 8.858800; 9.036500; 223.829700; 
2023.10.20_16:24:41:845; 8.960000; 9.320900; 223.829700; 
2023.10.20_16:24:41:945; 8.845100; 9.318200; 223.807700; 
2023.10.20_16:24:42:045; 8.776800; 9.613500; 223.829700; 
2023.10.20_16:24:42:145; 8.765800; 9.392000; 224.269200; 
2023.10.20_16:24:42:245; 8.659200; 9.036500; 224.269200; 
2023.10.20_16:24:42:345; 8.724800; 9.367400; 224.247200; 
2023.10.20_16:24:42:445; 8.782200; 9.110300; 224.269200; 
2023.10.20_16:24:42:545; 8.806800; 9.320900; 225.499700; 
2023.10.20_16:24:42:645; 8.623600; 9.285300; 225.367900; 
2023.10.20_16:24:42:745; 8.683800; 9.288100; 225.345900; 
2023.10.20_16:24:42:845; 8.700200; 9.181400; 225.345900; 
2023.10.20_16:24:42:945; 8.812300; 9.408400; 225.939200; 
2023.10.20_16:24:43:045; 8.962700; 9.331800; 225.961200; 
2023.10.20_16:24:43:145; 8.607200; 9.556000; 225.983200; 
2023.10.20_16:24:43:245; 8.891600; 9.345500; 225.983200; 
2023.10.20_16:24:43:345; 8.470500; 9.556000; 225.917200; 
2023.10.20_16:24:43:445; 8.741200; 9.504100; 225.565600; 
2023.10.20_16:24:43:545; 8.358400; 9.244300; 225.587600; 
2023.10.20_16:24:43:645; 8.530700; 9.252500; 225.565600; 
2023.10.20_16:24:43:745; 8.445900; 8.979100; 225.895300; 
2023.10.20_16:24:43:845; 8.497900; 9.195100; 228.026700; 
2023.10.20_16:24:43:945; 8.527900; 9.074800; 227.894900; 
2023.10.20_16:24:44:045; 8.560700; 9.227900; 227.894900; 
2023.10.20_16:24:44:145; 8.525200; 9.252500; 227.872900; 
2023.10.20_16:24:44:245; 8.385800; 9.107600; 230.729500; 
2023.10.20_16:24:44:345; 8.459600; 9.077500; 230.839400; 
2023.10.20_16:24:44:445; 8.243600; 8.757600; 230.861400; 
2023.10.20_16:24:44:545; 8.331100; 8.752200; 230.905300; 
2023.10.20_16:24:44:645; 8.161500; 8.506100; 231.191000; 
2023.10.20_16:24:44:745; 8.437700; 8.363900; 231.234900; 
2023.10.20_16:24:44:845; 8.219000; 8.003000; 231.234900; 
2023.10.20_16:24:44:945; 8.065800; 7.901800; 231.256900; 
2023.10.20_16:24:45:045; 8.260000; 7.879900; 239.233500; 
2023.10.20_16:24:45:145; 7.893600; 7.467000; 238.837900; 
2023.10.20_16:24:45:245; 8.087700; 7.642000; 238.706100; 
2023.10.20_16:24:45:345; 7.918200; 7.702200; 238.662200; 
2023.10.20_16:24:45:445; 8.063100; 7.472500; 236.596600; 
2023.10.20_16:24:45:545; 8.169700; 7.502600; 236.003300; 
2023.10.20_16:24:45:645; 8.164300; 7.475200; 235.937400; 
2023.10.20_16:24:45:745; 8.596300; 7.458800; 235.893400; 
2023.10.20_16:24:45:845; 8.478700; 7.428700; 235.827500; 
2023.10.20_16:24:45:945; 8.858800; 7.691200; 234.948500; 
2023.10.20_16:24:46:045; 8.785000; 7.778700; 234.948500; 
2023.10.20_16:24:46:145; 8.916200; 7.838900; 234.970500; 
2023.10.20_16:24:46:245; 9.066600; 7.904500; 234.970500; 
2023.10.20_16:24:46:345; 9.189600; 7.920900; 237.761200; 
2023.10.20_16:24:46:445; 8.957200; 7.910000; 237.959000; 
2023.10.20_16:24:46:545; 9.277100; 7.901800; 238.002900; 
2023.10.20_16:24:46:645; 9.337300; 7.937300; 238.046900; 
2023.10.20_16:24:46:745; 9.337300; 7.792400; 235.959400; 
2023.10.20_16:24:46:845; 9.474000; 7.926400; 235.805500; 
2023.10.20_16:24:46:945; 9.263500; 7.748700; 235.827500; 
2023.10.20_16:24:47:045; 9.599800; 7.814300; 235.827500; 
2023.10.20_16:24:47:145; 9.509600; 7.970100; 233.036800; 
2023.10.20_16:24:47:245; 9.208800; 7.869000; 233.322500; 
2023.10.20_16:24:47:345; 9.394700; 8.238100; 233.388400; 
2023.10.20_16:24:47:445; 9.159600; 8.128700; 233.388400; 
2023.10.20_16:24:47:545; 9.058400; 8.074000; 233.234600; 
2023.10.20_16:24:47:645; 8.940800; 8.440400; 233.256500; 
2023.10.20_16:24:47:745; 8.886100; 8.424000; 233.234600; 
2023.10.20_16:24:47:845; 8.910700; 8.426800; 233.278500; 
2023.10.20_16:24:47:945; 8.637300; 8.517000; 232.245700; 
2023.10.20_16:24:48:045; 8.760400; 8.262700; 231.432700; 
2023.10.20_16:24:48:145; 8.607200; 8.167000; 231.432700; 
2023.10.20_16:24:48:245; 8.287300; 7.934600; 231.410700; 
2023.10.20_16:24:48:345; 8.161500; 7.882600; 231.542600; 
2023.10.20_16:24:48:445; 8.175200; 7.814300; 237.124000; 
2023.10.20_16:24:48:545; 8.213500; 7.847100; 237.673300; 
2023.10.20_16:24:48:645; 7.953700; 7.549100; 237.651400; 
2023.10.20_16:24:48:745; 8.183400; 7.253800; 237.629400; 
2023.10.20_16:24:48:845; 8.716600; 7.240100; 239.057700; 
2023.10.20_16:24:48:945; 8.527900; 7.305700; 239.057700; 
2023.10.20_16:24:49:045; 8.692000; 7.393200; 239.013700; 
2023.10.20_16:24:49:145; 8.629100; 7.661200; 239.013700; 
2023.10.20_16:24:49:245; 8.743900; 7.316600; 243.672200; 
2023.10.20_16:24:49:345; 9.124000; 7.341200; 243.320600; 
2023.10.20_16:24:49:445; 9.629900; 7.415100; 243.342600; 
2023.10.20_16:24:49:545; 9.252500; 7.535400; 243.386600; 
2023.10.20_16:24:49:645; 9.110300; 7.360400; 246.462900; 
2023.10.20_16:24:49:745; 9.260700; 7.360400; 246.462900; 
2023.10.20_16:24:49:845; 9.143200; 7.401400; 246.506900; 
2023.10.20_16:24:49:945; 9.222500; 7.324800; 246.528800; 
2023.10.20_16:24:50:045; 9.211500; 7.431500; 243.144900; 
2023.10.20_16:24:50:145; 9.203300; 7.333000; 234.860600; 
2023.10.20_16:24:50:245; 9.279900; 7.497100; 234.948500; 
2023.10.20_16:24:50:345; 9.080300; 7.133400; 235.036400; 
2023.10.20_16:24:50:445; 8.998200; 7.262000; 236.706500; 
2023.10.20_16:24:50:545; 9.001000; 7.461600; 244.133700; 
2023.10.20_16:24:50:645; 8.779500; 7.346700; 243.913900; 
2023.10.20_16:24:50:745; 9.028300; 7.368600; 243.826000; 
2023.10.20_16:24:50:845; 9.009200; 7.262000; 243.804100; 
2023.10.20_16:24:50:945; 9.009200; 7.357700; 243.035000; 
2023.10.20_16:24:51:045; 9.274400; 7.694000; 243.013000; 
2023.10.20_16:24:51:145; 9.649000; 7.245500; 243.013000; 
2023.10.20_16:24:51:245; 9.758400; 7.152600; 243.035000; 
2023.10.20_16:24:51:345; 9.837700; 7.242800; 248.616400; 
2023.10.20_16:24:51:445; 9.772000; 7.319400; 248.286800; 
2023.10.20_16:24:51:545; 9.774800; 7.073300; 248.176900; 
2023.10.20_16:24:51:645; 10.143900; 7.210000; 248.220800; 
2023.10.20_16:24:51:745; 9.821300; 7.387700; 244.902800; 
2023.10.20_16:24:51:845; 10.050900; 7.311200; 243.979900; 
2023.10.20_16:24:51:945; 9.906000; 7.270200; 243.848000; 
2023.10.20_16:24:52:045; 9.610700; 7.100600; 243.782100; 
2023.10.20_16:24:52:145; 9.621700; 7.313900; 243.606300; 
2023.10.20_16:24:52:245; 9.870500; 7.598300; 242.243900; 
2023.10.20_16:24:52:345; 9.309900; 7.300200; 242.265900; 
2023.10.20_16:24:52:445; 9.427500; 7.521700; 242.331800; 
2023.10.20_16:24:52:545; 9.479500; 7.532700; 242.485600; 
2023.10.20_16:24:52:645; 9.162300; 7.524400; 244.748900; 
2023.10.20_16:24:52:745; 9.320900; 7.406900; 244.683000; 
2023.10.20_16:24:52:845; 9.069300; 7.445200; 244.639100; 
2023.10.20_16:24:52:945; 9.479500; 7.551800; 244.617100; 
2023.10.20_16:24:53:045; 9.550600; 7.439700; 241.958300; 
2023.10.20_16:24:53:145; 9.244300; 7.603700; 241.782500; 
2023.10.20_16:24:53:245; 9.618900; 7.926400; 241.716500; 
2023.10.20_16:24:53:345; 9.558800; 7.940100; 241.694600; 
2023.10.20_16:24:53:445; 9.602500; 7.948300; 242.639500; 
2023.10.20_16:24:53:545; 9.807600; 8.090400; 242.683400; 
2023.10.20_16:24:53:645; 9.668100; 7.882600; 242.705400; 
2023.10.20_16:24:53:745; 9.534200; 8.030300; 242.683400; 
2023.10.20_16:24:53:845; 9.722800; 8.221700; 239.870700; 
2023.10.20_16:24:53:945; 9.487700; 7.882600; 240.156400; 
2023.10.20_16:24:54:045; 9.580600; 8.013900; 240.266300; 
2023.10.20_16:24:54:145; 9.654500; 7.806100; 240.266300; 
2023.10.20_16:24:54:245; 9.438500; 7.699400; 239.673000; 
2023.10.20_16:24:54:345; 9.580600; 7.639300; 239.211500; 
2023.10.20_16:24:54:445; 9.542400; 7.510800; 239.167600; 
2023.10.20_16:24:54:545; 9.613500; 7.363100; 239.145600; 
2023.10.20_16:24:54:645; 9.534200; 7.529900; 239.123600; 
2023.10.20_16:24:54:745; 9.941600; 7.478000; 236.948200; 
2023.10.20_16:24:54:845; 9.840400; 7.305700; 237.014100; 
2023.10.20_16:24:54:945; 9.657200; 7.283800; 236.992100; 
2023.10.20_16:24:55:045; 9.599800; 7.169000; 237.014100; 
2023.10.20_16:24:55:145; 9.947000; 7.133400; 234.157500; 
2023.10.20_16:24:55:245; 9.621700; 7.237300; 234.487100; 
2023.10.20_16:24:55:345; 9.506800; 7.136200; 234.553000; 
2023.10.20_16:24:55:445; 9.263500; 7.409600; 234.553000; 
2023.10.20_16:24:55:545; 9.345500; 7.592800; 239.870700; 
2023.10.20_16:24:55:645; 9.083000; 7.677600; 239.892700; 
2023.10.20_16:24:55:745; 9.063900; 7.653000; 239.870700; 
2023.10.20_16:24:55:845; 9.241600; 7.803300; 239.848700; 
2023.10.20_16:24:55:945; 9.118500; 7.786900; 237.211900; 
2023.10.20_16:24:56:045; 9.392000; 7.715800; 237.497500; 
2023.10.20_16:24:56:145; 9.197800; 7.702200; 237.497500; 
2023.10.20_16:24:56:245; 9.523200; 7.603700; 237.497500; 
2023.10.20_16:24:56:345; 9.331800; 7.289300; 239.804800; 
2023.10.20_16:24:56:445; 9.181400; 7.308400; 239.673000; 
2023.10.20_16:24:56:545; 9.690000; 7.223700; 239.694900; 
2023.10.20_16:24:56:645; 9.392000; 7.395900; 239.716900; 
2023.10.20_16:24:56:745; 9.340000; 7.078800; 239.585100; 
2023.10.20_16:24:56:845; 9.569700; 7.338500; 239.299400; 
2023.10.20_16:24:56:945; 9.539600; 7.442400; 239.299400; 
2023.10.20_16:24:57:045; 9.649000; 7.382300; 239.299400; 
2023.10.20_16:24:57:145; 9.974400; 7.270200; 239.299400; 
2023.10.20_16:24:57:245; 9.815800; 7.478000; 237.124000; 
2023.10.20_16:24:57:345; 9.810300; 7.647500; 237.102000; 
2023.10.20_16:24:57:445; 9.837700; 7.472500; 237.058000; 
2023.10.20_16:24:57:545; 9.618900; 7.713100; 237.036100; 
2023.10.20_16:24:57:645; 9.681800; 7.806100; 233.388400; 
2023.10.20_16:24:57:745; 9.755600; 7.702200; 233.630100; 
2023.10.20_16:24:57:845; 9.692800; 7.694000; 233.718000; 
2023.10.20_16:24:57:945; 9.351000; 8.011200; 233.718000; 
2023.10.20_16:24:58:045; 9.564200; 7.633800; 235.212200; 
2023.10.20_16:24:58:145; 9.517800; 7.945500; 235.300100; 
2023.10.20_16:24:58:245; 9.763800; 7.978300; 235.344100; 
2023.10.20_16:24:58:345; 9.370100; 7.860800; 235.388000; 
2023.10.20_16:24:58:445; 9.066600; 8.024800; 235.102400; 
2023.10.20_16:24:58:545; 9.359200; 7.822500; 234.992500; 
2023.10.20_16:24:58:645; 9.165000; 7.683000; 235.036400; 
2023.10.20_16:24:58:745; 9.307200; 7.830700; 235.036400; 
2023.10.20_16:24:58:845; 9.268900; 7.814300; 235.541800; 
2023.10.20_16:24:58:945; 9.217000; 7.912700; 235.783600; 
2023.10.20_16:24:59:045; 9.315400; 8.022100; 235.739600; 
2023.10.20_16:24:59:145; 9.211500; 8.019400; 235.739600; 
2023.10.20_16:24:59:245; 9.241600; 7.849800; 235.761600; 
2023.10.20_16:24:59:345; 9.263500; 8.085000; 235.871400; 
2023.10.20_16:24:59:445; 9.487700; 8.027600; 235.871400; 
2023.10.20_16:24:59:545; 9.277100; 7.893600; 235.871400; 
2023.10.20_16:24:59:645; 9.225200; 8.079500; 235.893400; 
2023.10.20_16:24:59:745; 9.178700; 8.057600; 232.004000; 
2023.10.20_16:24:59:845; 8.979100; 8.079500; 232.311700; 
2023.10.20_16:24:59:945; 9.342800; 7.994700; 232.267700; 
2023.10.20_16:25:00:045; 8.659200; 7.953700; 232.245700; 
2023.10.20_16:25:00:145; 8.976400; 7.981100; 235.981300; 
2023.10.20_16:25:00:245; 8.454100; 7.674800; 235.629700; 
2023.10.20_16:25:00:345; 8.774000; 8.057600; 235.541800; 
2023.10.20_16:25:00:445; 8.544300; 8.273600; 235.541800; 
2023.10.20_16:25:00:545; 8.877900; 7.825200; 233.630100; 
2023.10.20_16:25:00:645; 8.713900; 7.983800; 232.113900; 
2023.10.20_16:25:00:745; 8.880700; 7.699400; 232.048000; 
2023.10.20_16:25:00:845; 8.552500; 7.745900; 232.048000; 
2023.10.20_16:25:00:945; 8.689300; 7.614700; 232.091900; 
2023.10.20_16:25:01:045; 8.743900; 7.677600; 233.696000; 
2023.10.20_16:25:01:145; 8.842400; 7.543600; 233.630100; 
2023.10.20_16:25:01:245; 8.776800; 7.806100; 233.608100; 
2023.10.20_16:25:01:345; 8.683800; 8.054900; 233.630100; 
2023.10.20_16:25:01:445; 8.445900; 7.781500; 234.531000; 
2023.10.20_16:25:01:545; 8.519700; 8.052200; 234.509100; 
2023.10.20_16:25:01:645; 8.295500; 7.934600; 234.487100; 
2023.10.20_16:25:01:745; 8.399400; 7.915500; 234.509100; 
2023.10.20_16:25:01:845; 8.232600; 7.986500; 232.223800; 
2023.10.20_16:25:01:945; 8.068600; 8.224400; 232.465500; 
2023.10.20_16:25:02:045; 8.191600; 7.964700; 232.487500; 
2023.10.20_16:25:02:145; 7.983800; 8.153300; 232.531400; 
2023.10.20_16:25:02:245; 7.945500; 8.322900; 231.696400; 
2023.10.20_16:25:02:345; 8.035800; 7.970100; 231.806300; 
2023.10.20_16:25:02:445; 8.093200; 7.937300; 231.828200; 
2023.10.20_16:25:02:545; 8.183400; 7.778700; 231.828200; 
2023.10.20_16:25:02:645; 8.456800; 7.915500; 232.575300; 
2023.10.20_16:25:02:745; 8.265400; 7.912700; 232.948900; 
2023.10.20_16:25:02:845; 8.292800; 7.838900; 232.970900; 
2023.10.20_16:25:02:945; 8.208000; 7.877200; 233.014800; 
2023.10.20_16:25:03:045; 8.443200; 8.041200; 233.256500; 
2023.10.20_16:25:03:145; 8.298300; 8.194400; 239.585100; 
2023.10.20_16:25:03:245; 8.347500; 7.981100; 240.266300; 
2023.10.20_16:25:03:345; 8.213500; 8.175200; 240.200300; 
2023.10.20_16:25:03:445; 8.087700; 7.778700; 240.178400; 
2023.10.20_16:25:03:545; 8.167000; 8.188900; 237.915000; 
2023.10.20_16:25:03:645; 8.210800; 7.855300; 237.871100; 
2023.10.20_16:25:03:745; 8.320100; 7.844400; 237.849100; 
2023.10.20_16:25:03:845; 8.180700; 7.811500; 237.871100; 
2023.10.20_16:25:03:945; 7.978300; 7.792400; 237.871100; 
2023.10.20_16:25:04:045; 7.940100; 7.748700; 237.871100; 
2023.10.20_16:25:04:145; 7.920900; 7.975600; 237.871100; 
2023.10.20_16:25:04:245; 8.044000; 7.855300; 237.871100; 
2023.10.20_16:25:04:345; 8.153300; 7.992000; 239.607000; 
2023.10.20_16:25:04:445; 8.172500; 8.167000; 239.497200; 
2023.10.20_16:25:04:545; 8.437700; 8.057600; 239.475200; 
2023.10.20_16:25:04:645; 8.328300; 8.418600; 239.541100; 
2023.10.20_16:25:04:745; 8.486900; 8.243600; 238.200700; 
2023.10.20_16:25:04:845; 8.424000; 8.262700; 236.025300; 
2023.10.20_16:25:04:945; 8.541600; 8.352900; 236.003300; 
2023.10.20_16:25:05:045; 8.497900; 8.350200; 235.981300; 
2023.10.20_16:25:05:145; 8.588100; 8.467800; 237.211900; 
2023.10.20_16:25:05:245; 8.566200; 8.396700; 240.925500; 
2023.10.20_16:25:05:345; 8.566200; 8.525200; 240.727700; 
2023.10.20_16:25:05:445; 8.615400; 8.530700; 240.815600; 
2023.10.20_16:25:05:545; 8.465000; 8.659200; 240.749700; 
2023.10.20_16:25:05:645; 8.793200; 8.705700; 239.321400; 
2023.10.20_16:25:05:745; 8.743900; 8.861500; 239.321400; 
2023.10.20_16:25:05:845; 9.135000; 8.905300; 239.321400; 
2023.10.20_16:25:05:945; 9.151400; 9.085700; 239.321400; 
2023.10.20_16:25:06:045; 9.148600; 9.006400; 237.893100; 
2023.10.20_16:25:06:145; 9.454900; 9.225200; 237.717300; 
2023.10.20_16:25:06:245; 9.222500; 9.066600; 237.717300; 
2023.10.20_16:25:06:345; 9.643500; 9.192400; 237.717300; 
2023.10.20_16:25:06:445; 9.701000; 9.569700; 237.255800; 
2023.10.20_16:25:06:545; 9.621700; 9.137700; 237.145900; 
2023.10.20_16:25:06:645; 9.796700; 9.301700; 237.145900; 
2023.10.20_16:25:06:745; 9.766600; 9.104900; 237.145900; 
2023.10.20_16:25:06:845; 9.610700; 9.389200; 237.629400; 
2023.10.20_16:25:06:945; 9.616200; 9.020100; 239.607000; 
2023.10.20_16:25:07:045; 9.777500; 9.413900; 239.541100; 
2023.10.20_16:25:07:145; 10.004500; 9.206000; 239.519100; 
2023.10.20_16:25:07:245; 10.573200; 8.949000; 239.738900; 
2023.10.20_16:25:07:345; 10.157600; 9.545100; 241.452900; 
2023.10.20_16:25:07:445; 9.911500; 9.197800; 241.386900; 
2023.10.20_16:25:07:545; 9.780200; 9.351000; 241.364900; 
2023.10.20_16:25:07:645; 9.865000; 9.252500; 241.321000; 
2023.10.20_16:25:07:745; 9.999000; 9.260700; 238.398500; 
2023.10.20_16:25:07:845; 9.761100; 9.356400; 238.244600; 
2023.10.20_16:25:07:945; 10.403700; 9.304500; 238.178700; 
2023.10.20_16:25:08:045; 9.990800; 9.006400; 238.332500; 
2023.10.20_16:25:08:145; 9.886900; 9.214200; 240.573900; 
2023.10.20_16:25:08:245; 9.810300; 8.856100; 240.705700; 
2023.10.20_16:25:08:345; 9.826700; 9.099400; 240.749700; 
2023.10.20_16:25:08:445; 9.837700; 8.883400; 240.815600; 
2023.10.20_16:25:08:545; 9.651700; 8.979100; 240.310200; 
2023.10.20_16:25:08:645; 9.988100; 8.716600; 240.398100; 
