TimeStamp_UTC; mm_ws_110m[m/s]; mm_ws_60m[m/s]; mm_wd_110m[deg]; 
2023.10.20_16:30:08:745; 10.644300; 9.285300; 236.135100; 
2023.10.20_16:30:08:845; 10.513000; 9.646300; 234.794700; 
2023.10.20_16:30:08:945; 10.433700; 9.498600; 234.838700; 
2023.10.20_16:30:09:045; 10.794700; 9.247100; 234.794700; 
2023.10.20_16:30:09:145; 10.745500; 9.517800; 234.772800; 
2023.10.20_16:30:09:245; 10.573200; 9.353700; 235.783600; 
2023.10.20_16:30:09:345; 10.688000; 9.364600; 238.530300; 
2023.10.20_16:30:09:445; 10.770100; 9.586100; 238.464400; 
2023.10.20_16:30:09:545; 11.122800; 9.227900; 238.420400; 
2023.10.20_16:30:09:645; 11.325100; 9.047500; 238.750000; 
2023.10.20_16:30:09:745; 11.084500; 9.140400; 240.332200; 
2023.10.20_16:30:09:845; 11.377100; 8.899800; 240.244300; 
2023.10.20_16:30:09:945; 11.005200; 8.779500; 240.244300; 
2023.10.20_16:30:10:045; 11.098200; 8.686500; 240.244300; 
2023.10.20_16:30:10:145; 11.234900; 8.752200; 241.958300; 
2023.10.20_16:30:10:245; 10.898600; 8.853300; 242.002200; 
2023.10.20_16:30:10:345; 10.906800; 9.074800; 242.046100; 
2023.10.20_16:30:10:445; 10.884900; 8.771300; 242.046100; 
2023.10.20_16:30:10:545; 10.707200; 8.858800; 238.574200; 
2023.10.20_16:30:10:645; 10.586900; 8.489700; 238.376500; 
2023.10.20_16:30:10:745; 10.493900; 8.653700; 238.376500; 
2023.10.20_16:30:10:845; 10.275200; 8.517000; 238.332500; 
2023.10.20_16:30:10:945; 10.346200; 8.683800; 235.739600; 
2023.10.20_16:30:11:045; 10.141200; 8.462300; 235.849500; 
2023.10.20_16:30:11:145; 10.688000; 8.599000; 235.871400; 
2023.10.20_16:30:11:245; 10.332600; 8.610000; 235.893400; 
2023.10.20_16:30:11:345; 10.513000; 8.823200; 232.377600; 
2023.10.20_16:30:11:445; 10.329800; 8.872500; 231.806300; 
2023.10.20_16:30:11:545; 10.242300; 9.126700; 231.674400; 
2023.10.20_16:30:11:645; 10.554100; 8.888900; 231.652500; 
2023.10.20_16:30:11:745; 10.373600; 9.260700; 231.410700; 
2023.10.20_16:30:11:845; 10.007200; 8.984600; 228.400300; 
2023.10.20_16:30:11:945; 9.736500; 9.063900; 228.510200; 
2023.10.20_16:30:12:045; 9.692800; 8.888900; 228.554100; 
2023.10.20_16:30:12:145; 9.629900; 9.402900; 228.554100; 
2023.10.20_16:30:12:245; 9.422100; 9.063900; 234.575000; 
2023.10.20_16:30:12:345; 9.539600; 9.288100; 234.926600; 
2023.10.20_16:30:12:445; 9.186900; 8.973600; 235.036400; 
2023.10.20_16:30:12:545; 9.676300; 8.902500; 235.102400; 
2023.10.20_16:30:12:645; 9.135000; 8.738500; 234.201400; 
2023.10.20_16:30:12:745; 9.258000; 8.489700; 234.311300; 
2023.10.20_16:30:12:845; 9.542400; 8.705700; 234.311300; 
2023.10.20_16:30:12:945; 9.206000; 8.577200; 234.289300; 
2023.10.20_16:30:13:045; 9.441200; 8.497900; 232.421500; 
2023.10.20_16:30:13:145; 9.900600; 8.842400; 232.597300; 
2023.10.20_16:30:13:245; 9.810300; 8.369300; 232.663300; 
2023.10.20_16:30:13:345; 9.914200; 8.681100; 232.641300; 
2023.10.20_16:30:13:445; 10.565000; 8.374800; 229.389100; 
2023.10.20_16:30:13:545; 10.403700; 8.331100; 229.762700; 
2023.10.20_16:30:13:645; 10.313400; 8.194400; 229.784700; 
2023.10.20_16:30:13:745; 10.089200; 8.538900; 229.806600; 
2023.10.20_16:30:13:845; 10.420100; 8.139700; 227.697100; 
2023.10.20_16:30:13:945; 11.461800; 8.188900; 226.488600; 
2023.10.20_16:30:14:045; 11.390800; 7.989300; 226.444600; 
2023.10.20_16:30:14:145; 11.100900; 8.038500; 226.400700; 
2023.10.20_16:30:14:245; 11.579400; 7.808800; 226.356700; 
2023.10.20_16:30:14:345; 11.639600; 7.888100; 227.257600; 
2023.10.20_16:30:14:445; 11.973200; 7.642000; 227.345500; 
2023.10.20_16:30:14:545; 12.372400; 7.828000; 227.345500; 
2023.10.20_16:30:14:645; 12.424300; 7.904500; 227.345500; 
2023.10.20_16:30:14:745; 12.569200; 7.677600; 230.817400; 
2023.10.20_16:30:14:845; 12.276700; 7.964700; 230.839400; 
2023.10.20_16:30:14:945; 12.129000; 7.858000; 230.817400; 
2023.10.20_16:30:15:045; 12.189200; 7.852600; 230.817400; 
2023.10.20_16:30:15:145; 11.809100; 7.961900; 221.632300; 
2023.10.20_16:30:15:245; 12.509100; 7.975600; 222.555200; 
2023.10.20_16:30:15:345; 11.790000; 7.918200; 222.577200; 
2023.10.20_16:30:15:445; 11.697000; 8.240800; 222.577200; 
2023.10.20_16:30:15:545; 11.770800; 7.863500; 229.608900; 
2023.10.20_16:30:15:645; 11.481000; 8.134200; 229.345200; 
2023.10.20_16:30:15:745; 11.322400; 8.495100; 229.411100; 
2023.10.20_16:30:15:845; 11.874700; 8.224400; 229.389100; 
2023.10.20_16:30:15:945; 11.289600; 8.265400; 228.400300; 
2023.10.20_16:30:16:045; 11.095400; 8.054900; 226.532500; 
2023.10.20_16:30:16:145; 10.893100; 8.361100; 226.532500; 
2023.10.20_16:30:16:245; 10.852100; 8.030300; 226.554500; 
2023.10.20_16:30:16:345; 11.035300; 8.068600; 226.994000; 
2023.10.20_16:30:16:445; 10.562300; 8.210800; 228.466200; 
2023.10.20_16:30:16:545; 10.373600; 8.147900; 228.444200; 
2023.10.20_16:30:16:645; 10.343500; 8.344700; 228.466200; 
2023.10.20_16:30:16:745; 10.299800; 8.435000; 228.444200; 
2023.10.20_16:30:16:845; 10.384500; 8.432200; 228.773800; 
2023.10.20_16:30:16:945; 10.524000; 8.642800; 228.795800; 
2023.10.20_16:30:17:045; 10.718100; 8.489700; 228.795800; 
2023.10.20_16:30:17:145; 10.619700; 8.596300; 228.773800; 
2023.10.20_16:30:17:245; 10.854800; 8.372100; 225.895300; 
2023.10.20_16:30:17:345; 11.007900; 8.421300; 226.049100; 
2023.10.20_16:30:17:445; 11.125500; 8.180700; 226.093000; 
2023.10.20_16:30:17:545; 10.928700; 8.522500; 226.093000; 
2023.10.20_16:30:17:645; 10.849400; 8.227200; 226.532500; 
2023.10.20_16:30:17:745; 10.630600; 8.659200; 226.642400; 
2023.10.20_16:30:17:845; 10.499400; 8.320100; 226.686300; 
2023.10.20_16:30:17:945; 10.526700; 8.216200; 226.664400; 
2023.10.20_16:30:18:045; 10.575900; 8.380300; 228.070700; 
2023.10.20_16:30:18:145; 10.833000; 7.871700; 236.223000; 
2023.10.20_16:30:18:245; 10.764600; 8.041200; 235.959400; 
2023.10.20_16:30:18:345; 10.507600; 7.737700; 235.849500; 
2023.10.20_16:30:18:445; 10.335300; 7.584600; 235.761600; 
2023.10.20_16:30:18:545; 10.193100; 7.601000; 235.432000; 
2023.10.20_16:30:18:645; 10.119300; 7.628400; 235.453900; 
2023.10.20_16:30:18:745; 10.124800; 7.797900; 235.453900; 
2023.10.20_16:30:18:845; 10.111100; 7.346700; 235.453900; 
2023.10.20_16:30:18:945; 10.072800; 7.338500; 236.882300; 
2023.10.20_16:30:19:045; 10.324400; 7.267400; 236.970200; 
2023.10.20_16:30:19:145; 10.540400; 7.303000; 237.014100; 
2023.10.20_16:30:19:245; 10.638800; 7.406900; 237.014100; 
2023.10.20_16:30:19:345; 10.466600; 7.639300; 234.816700; 
2023.10.20_16:30:19:445; 10.045500; 7.549100; 234.640900; 
2023.10.20_16:30:19:545; 10.149400; 7.502600; 234.640900; 
2023.10.20_16:30:19:645; 10.102900; 7.568200; 234.618900; 
2023.10.20_16:30:19:745; 9.941600; 7.508000; 235.322100; 
2023.10.20_16:30:19:845; 9.843100; 7.478000; 235.234200; 
2023.10.20_16:30:19:945; 10.007200; 7.401400; 235.212200; 
2023.10.20_16:30:20:045; 9.933400; 7.532700; 235.234200; 
2023.10.20_16:30:20:145; 9.676300; 7.762300; 235.739600; 
2023.10.20_16:30:20:245; 9.804900; 7.305700; 236.113200; 
2023.10.20_16:30:20:345; 9.670900; 7.368600; 236.135100; 
2023.10.20_16:30:20:445; 9.750200; 7.360400; 236.113200; 
2023.10.20_16:30:20:545; 9.968900; 7.601000; 236.135100; 
2023.10.20_16:30:20:645; 9.993500; 7.335800; 238.662200; 
2023.10.20_16:30:20:745; 9.796700; 7.639300; 238.881900; 
2023.10.20_16:30:20:845; 9.679100; 8.024800; 238.859900; 
2023.10.20_16:30:20:945; 9.911500; 7.469800; 238.859900; 
2023.10.20_16:30:21:045; 9.695500; 7.666600; 237.695300; 
2023.10.20_16:30:21:145; 9.701000; 7.584600; 237.585400; 
2023.10.20_16:30:21:245; 9.985300; 7.478000; 237.585400; 
2023.10.20_16:30:21:345; 10.204100; 7.253800; 237.607400; 
2023.10.20_16:30:21:445; 10.040000; 7.338500; 235.190300; 
2023.10.20_16:30:21:545; 10.236900; 7.609200; 235.234200; 
2023.10.20_16:30:21:645; 10.425500; 7.179900; 235.234200; 
2023.10.20_16:30:21:745; 10.212300; 7.210000; 235.234200; 
2023.10.20_16:30:21:845; 10.499400; 7.010400; 236.113200; 
2023.10.20_16:30:21:945; 10.488400; 7.204500; 236.069200; 
2023.10.20_16:30:22:045; 10.305200; 7.133400; 236.091200; 
2023.10.20_16:30:22:145; 10.488400; 6.980300; 236.091200; 
2023.10.20_16:30:22:245; 10.507600; 7.133400; 233.805900; 
2023.10.20_16:30:22:345; 10.310700; 7.144400; 233.827900; 
2023.10.20_16:30:22:445; 9.966200; 7.272900; 233.740000; 
2023.10.20_16:30:22:545; 10.493900; 7.117000; 233.740000; 
2023.10.20_16:30:22:645; 10.157600; 7.311200; 234.179500; 
2023.10.20_16:30:22:745; 10.157600; 7.368600; 235.124300; 
2023.10.20_16:30:22:845; 10.157600; 7.368600; 235.124300; 
2023.10.20_16:30:22:945; 10.122000; 7.478000; 235.102400; 
2023.10.20_16:30:23:045; 10.190400; 7.513500; 235.058400; 
2023.10.20_16:30:23:145; 10.113800; 7.505300; 234.970500; 
2023.10.20_16:30:23:245; 10.368100; 7.644800; 234.992500; 
2023.10.20_16:30:23:345; 10.316200; 7.472500; 234.970500; 
2023.10.20_16:30:23:445; 10.370900; 7.554500; 234.970500; 
2023.10.20_16:30:23:545; 10.734500; 7.579100; 239.167600; 
2023.10.20_16:30:23:645; 10.644300; 7.327600; 238.881900; 
2023.10.20_16:30:23:745; 10.447400; 7.308400; 238.794000; 
2023.10.20_16:30:23:845; 10.441900; 7.330300; 238.794000; 
2023.10.20_16:30:23:945; 10.433700; 7.267400; 236.706500; 
2023.10.20_16:30:24:045; 10.805600; 7.106100; 236.552600; 
2023.10.20_16:30:24:145; 10.991500; 7.179900; 236.464800; 
2023.10.20_16:30:24:245; 10.895800; 7.078800; 236.464800; 
2023.10.20_16:30:24:345; 10.606000; 7.128000; 236.267000; 
2023.10.20_16:30:24:445; 10.510300; 6.829900; 236.179100; 
2023.10.20_16:30:24:545; 10.521200; 6.994000; 236.179100; 
2023.10.20_16:30:24:645; 10.472000; 6.884600; 236.201100; 
2023.10.20_16:30:24:745; 10.420100; 6.821700; 236.069200; 
2023.10.20_16:30:24:845; 10.174000; 7.262000; 235.322100; 
2023.10.20_16:30:24:945; 10.157600; 7.108800; 235.344100; 
2023.10.20_16:30:25:045; 10.581400; 7.327600; 235.388000; 
2023.10.20_16:30:25:145; 10.411900; 7.387700; 235.278200; 
2023.10.20_16:30:25:245; 10.176700; 7.592800; 233.959700; 
2023.10.20_16:30:25:345; 10.105600; 7.595500; 234.025600; 
2023.10.20_16:30:25:445; 10.354500; 7.483400; 234.047600; 
2023.10.20_16:30:25:545; 10.441900; 7.570900; 234.047600; 
2023.10.20_16:30:25:645; 10.455600; 7.475200; 234.069600; 
2023.10.20_16:30:25:745; 10.138400; 7.251000; 234.069600; 
2023.10.20_16:30:25:845; 9.936100; 7.428700; 234.069600; 
2023.10.20_16:30:25:945; 10.340800; 7.327600; 234.069600; 
2023.10.20_16:30:26:045; 10.327100; 7.171700; 236.772400; 
2023.10.20_16:30:26:145; 10.070100; 6.879200; 236.464800; 
2023.10.20_16:30:26:245; 9.875900; 6.797100; 236.398800; 
2023.10.20_16:30:26:345; 9.837700; 6.775200; 236.376900; 
2023.10.20_16:30:26:445; 9.736500; 6.756100; 236.442800; 
2023.10.20_16:30:26:545; 9.640800; 6.819000; 236.530700; 
2023.10.20_16:30:26:645; 9.640800; 6.819000; 236.530700; 
2023.10.20_16:30:26:745; 9.597000; 6.835400; 236.530700; 
2023.10.20_16:30:26:845; 9.706400; 6.775200; 236.530700; 
2023.10.20_16:30:26:945; 9.616200; 6.701400; 237.036100; 
2023.10.20_16:30:27:045; 9.493100; 6.690500; 237.102000; 
2023.10.20_16:30:27:145; 9.331800; 6.813500; 237.124000; 
2023.10.20_16:30:27:245; 9.799400; 6.764300; 237.080000; 
2023.10.20_16:30:27:345; 9.725600; 6.679500; 235.146300; 
2023.10.20_16:30:27:445; 9.679100; 6.490900; 235.190300; 
2023.10.20_16:30:27:545; 9.796700; 6.551000; 235.168300; 
2023.10.20_16:30:27:645; 9.725600; 6.395200; 235.190300; 
2023.10.20_16:30:27:745; 9.583400; 6.250300; 239.255400; 
2023.10.20_16:30:27:845; 9.892400; 6.239300; 239.453200; 
2023.10.20_16:30:27:945; 9.670900; 6.190100; 239.475200; 
2023.10.20_16:30:28:045; 9.703700; 6.124500; 239.519100; 
2023.10.20_16:30:28:145; 9.938800; 6.138200; 242.947100; 
2023.10.20_16:30:28:245; 10.149400; 6.075300; 243.035000; 
2023.10.20_16:30:28:345; 10.179500; 6.099900; 243.035000; 
2023.10.20_16:30:28:445; 10.070100; 6.184600; 243.013000; 
2023.10.20_16:30:28:545; 10.753700; 6.444400; 242.595500; 
2023.10.20_16:30:28:645; 10.425500; 6.359600; 242.639500; 
2023.10.20_16:30:28:745; 10.472000; 6.482700; 242.639500; 
2023.10.20_16:30:28:845; 10.510300; 6.378800; 242.661400; 
2023.10.20_16:30:28:945; 10.343500; 6.493600; 242.837200; 
2023.10.20_16:30:29:045; 10.619700; 6.635800; 243.122900; 
2023.10.20_16:30:29:145; 10.548600; 6.605700; 243.122900; 
2023.10.20_16:30:29:245; 10.740000; 6.690500; 243.144900; 
2023.10.20_16:30:29:345; 10.655200; 6.726000; 243.122900; 
2023.10.20_16:30:29:445; 10.647000; 6.726000; 243.232700; 
2023.10.20_16:30:29:545; 10.767300; 6.819000; 243.210800; 
2023.10.20_16:30:29:645; 10.655200; 6.827200; 243.232700; 
2023.10.20_16:30:29:745; 10.783700; 6.961200; 243.232700; 
2023.10.20_16:30:29:845; 10.600500; 7.067800; 242.661400; 
2023.10.20_16:30:29:945; 10.502100; 6.944800; 242.683400; 
2023.10.20_16:30:30:045; 10.507600; 6.903800; 242.639500; 
2023.10.20_16:30:30:145; 10.286100; 6.715100; 242.683400; 
2023.10.20_16:30:30:245; 10.116600; 6.778000; 242.507600; 
2023.10.20_16:30:30:345; 10.354500; 6.838100; 242.529600; 
2023.10.20_16:30:30:445; 10.176700; 6.679500; 242.529600; 
2023.10.20_16:30:30:545; 10.007200; 6.706900; 242.507600; 
2023.10.20_16:30:30:645; 10.422800; 6.706900; 242.705400; 
2023.10.20_16:30:30:745; 10.141200; 6.674100; 243.100900; 
2023.10.20_16:30:30:845; 10.061900; 6.734200; 243.122900; 
2023.10.20_16:30:30:945; 9.837700; 6.829900; 243.100900; 
2023.10.20_16:30:31:045; 10.143900; 7.035000; 242.265900; 
2023.10.20_16:30:31:145; 10.072800; 7.026800; 242.156000; 
2023.10.20_16:30:31:245; 9.886900; 6.931100; 242.112100; 
2023.10.20_16:30:31:345; 9.774800; 7.059600; 242.112100; 
2023.10.20_16:30:31:445; 9.799400; 7.051400; 241.628600; 
2023.10.20_16:30:31:545; 9.788500; 7.111600; 239.277400; 
2023.10.20_16:30:31:645; 9.545100; 7.103400; 239.343300; 
2023.10.20_16:30:31:745; 9.610700; 7.032300; 239.409300; 
2023.10.20_16:30:31:845; 9.386500; 6.854500; 239.409300; 
2023.10.20_16:30:31:945; 9.550600; 6.865500; 237.102000; 
2023.10.20_16:30:32:045; 9.348200; 6.999500; 236.970200; 
2023.10.20_16:30:32:145; 9.110300; 7.032300; 236.904200; 
2023.10.20_16:30:32:245; 9.323600; 6.920200; 236.926200; 
2023.10.20_16:30:32:345; 9.154100; 6.922900; 247.539600; 
2023.10.20_16:30:32:445; 9.011900; 6.857300; 246.506900; 
2023.10.20_16:30:32:545; 8.976400; 6.887400; 246.331100; 
2023.10.20_16:30:32:645; 8.973600; 6.849100; 246.177300; 
2023.10.20_16:30:32:745; 8.667400; 6.813500; 246.067400; 
2023.10.20_16:30:32:845; 8.839600; 6.835400; 245.957500; 
2023.10.20_16:30:32:945; 8.752200; 7.100600; 245.935500; 
2023.10.20_16:30:33:045; 8.960000; 6.690500; 245.957500; 
2023.10.20_16:30:33:145; 9.003700; 6.819000; 246.023400; 
2023.10.20_16:30:33:245; 9.050200; 6.854500; 246.089400; 
2023.10.20_16:30:33:345; 9.022800; 7.133400; 246.111300; 
2023.10.20_16:30:33:445; 9.083000; 7.519000; 246.089400; 
2023.10.20_16:30:33:545; 9.293500; 7.417800; 246.089400; 
2023.10.20_16:30:33:645; 9.720100; 7.715800; 245.825700; 
2023.10.20_16:30:33:745; 9.632600; 7.590100; 245.825700; 
2023.10.20_16:30:33:845; 9.763800; 7.732300; 245.825700; 
2023.10.20_16:30:33:945; 10.234100; 7.707600; 245.979500; 
2023.10.20_16:30:34:045; 10.127500; 7.789700; 251.275200; 
2023.10.20_16:30:34:145; 10.198600; 7.795100; 251.165400; 
2023.10.20_16:30:34:245; 10.283400; 7.869000; 251.143400; 
2023.10.20_16:30:34:345; 10.414600; 8.199800; 251.099400; 
2023.10.20_16:30:34:445; 10.204100; 7.710400; 242.617500; 
2023.10.20_16:30:34:545; 9.774800; 7.795100; 242.090100; 
2023.10.20_16:30:34:645; 10.143900; 7.478000; 241.936300; 
2023.10.20_16:30:34:745; 10.277900; 7.341200; 241.892300; 
2023.10.20_16:30:34:845; 10.193100; 7.128000; 237.277800; 
2023.10.20_16:30:34:945; 10.258800; 7.117000; 234.245400; 
2023.10.20_16:30:35:045; 10.201300; 7.015900; 234.047600; 
2023.10.20_16:30:35:145; 10.067300; 6.903800; 233.981700; 
2023.10.20_16:30:35:245; 9.837700; 6.920200; 234.113500; 
2023.10.20_16:30:35:345; 9.971600; 6.597500; 239.760800; 
2023.10.20_16:30:35:445; 9.875900; 6.698700; 239.673000; 
2023.10.20_16:30:35:545; 9.848600; 6.769800; 239.673000; 
2023.10.20_16:30:35:645; 9.586100; 6.761600; 239.651000; 
2023.10.20_16:30:35:745; 9.848600; 6.712400; 240.859500; 
2023.10.20_16:30:35:845; 9.550600; 6.860000; 240.837600; 
2023.10.20_16:30:35:945; 9.361900; 6.419800; 240.837600; 
2023.10.20_16:30:36:045; 9.400200; 6.356900; 240.881500; 
2023.10.20_16:30:36:145; 9.159600; 6.485400; 243.166800; 
2023.10.20_16:30:36:245; 9.208800; 6.712400; 243.254700; 
2023.10.20_16:30:36:345; 9.162300; 6.860000; 243.276700; 
2023.10.20_16:30:36:445; 9.186900; 6.775200; 243.254700; 
2023.10.20_16:30:36:545; 9.435700; 6.745200; 242.112100; 
2023.10.20_16:30:36:645; 9.501300; 6.397900; 242.090100; 
2023.10.20_16:30:36:745; 9.345500; 6.436200; 242.112100; 
2023.10.20_16:30:36:845; 9.449400; 6.414300; 242.112100; 
2023.10.20_16:30:36:945; 9.156800; 6.501800; 241.936300; 
2023.10.20_16:30:37:045; 9.214200; 6.745200; 241.936300; 
2023.10.20_16:30:37:145; 9.074800; 6.884600; 241.958300; 
2023.10.20_16:30:37:245; 9.408400; 6.881900; 241.958300; 
2023.10.20_16:30:37:345; 9.096700; 6.767000; 242.749300; 
2023.10.20_16:30:37:445; 8.962700; 6.619400; 242.793300; 
2023.10.20_16:30:37:545; 8.965400; 6.646700; 242.793300; 
2023.10.20_16:30:37:645; 8.686500; 6.685000; 242.793300; 
2023.10.20_16:30:37:745; 8.962700; 6.627600; 242.485600; 
2023.10.20_16:30:37:845; 9.055700; 6.933800; 240.727700; 
2023.10.20_16:30:37:945; 9.279900; 7.119800; 240.793600; 
2023.10.20_16:30:38:045; 9.490400; 6.829900; 240.793600; 
2023.10.20_16:30:38:145; 9.556000; 7.018600; 240.837600; 
2023.10.20_16:30:38:245; 9.777500; 7.215500; 243.056900; 
2023.10.20_16:30:38:345; 9.662700; 7.365900; 243.210800; 
2023.10.20_16:30:38:445; 9.288100; 7.450600; 243.232700; 
2023.10.20_16:30:38:545; 9.394700; 7.650200; 243.254700; 
2023.10.20_16:30:38:645; 9.258000; 7.833400; 244.155700; 
2023.10.20_16:30:38:745; 9.383800; 7.904500; 244.111700; 
2023.10.20_16:30:38:845; 8.957200; 8.101400; 244.089700; 
2023.10.20_16:30:38:945; 9.006400; 8.366600; 244.067700; 
2023.10.20_16:30:39:045; 9.148600; 8.290100; 244.089700; 
2023.10.20_16:30:39:145; 8.752200; 8.413100; 244.067700; 
2023.10.20_16:30:39:245; 8.877900; 8.380300; 244.089700; 
2023.10.20_16:30:39:345; 8.757600; 8.486900; 244.089700; 
2023.10.20_16:30:39:445; 9.083000; 8.574400; 245.737800; 
2023.10.20_16:30:39:545; 9.058400; 8.670100; 246.221200; 
2023.10.20_16:30:39:645; 9.225200; 8.711100; 246.375000; 
2023.10.20_16:30:39:745; 8.981800; 8.826000; 246.265200; 
2023.10.20_16:30:39:845; 8.771300; 8.943600; 246.243200; 
2023.10.20_16:30:39:945; 8.910700; 9.055700; 246.221200; 
2023.10.20_16:30:40:045; 8.678300; 9.170500; 246.243200; 
2023.10.20_16:30:40:145; 8.877900; 9.337300; 246.221200; 
2023.10.20_16:30:40:245; 8.601800; 9.501300; 246.111300; 
2023.10.20_16:30:40:345; 8.484200; 9.659900; 244.397400; 
2023.10.20_16:30:40:445; 8.402200; 9.813100; 244.485300; 
2023.10.20_16:30:40:545; 8.476000; 9.659900; 244.507200; 
2023.10.20_16:30:40:645; 8.577200; 9.542400; 244.507200; 
2023.10.20_16:30:40:745; 8.541600; 9.875900; 247.913200; 
2023.10.20_16:30:40:845; 8.585400; 9.583400; 248.154900; 
2023.10.20_16:30:40:945; 8.648200; 9.725600; 248.154900; 
2023.10.20_16:30:41:045; 8.538900; 9.618900; 248.154900; 
2023.10.20_16:30:41:145; 8.749400; 9.482200; 253.648400; 
2023.10.20_16:30:41:245; 8.782200; 9.304500; 253.121000; 
2023.10.20_16:30:41:345; 8.965400; 9.304500; 253.121000; 
2023.10.20_16:30:41:445; 8.935300; 8.998200; 253.099100; 
2023.10.20_16:30:41:545; 8.957200; 9.036500; 251.692700; 
2023.10.20_16:30:41:645; 9.143200; 8.842400; 250.176500; 
2023.10.20_16:30:41:745; 9.463100; 9.353700; 250.154600; 
2023.10.20_16:30:41:845; 9.364600; 8.897100; 250.066700; 
2023.10.20_16:30:41:945; 9.526000; 9.616200; 249.693100; 
2023.10.20_16:30:42:045; 9.785700; 9.252500; 248.726200; 
2023.10.20_16:30:42:145; 9.695500; 9.156800; 248.748200; 
2023.10.20_16:30:42:245; 9.649000; 9.083000; 248.770200; 
2023.10.20_16:30:42:345; 9.720100; 8.787700; 248.704300; 
2023.10.20_16:30:42:445; 9.588800; 9.014600; 247.122100; 
2023.10.20_16:30:42:545; 9.971600; 8.785000; 247.100200; 
2023.10.20_16:30:42:645; 9.958000; 9.077500; 247.100200; 
2023.10.20_16:30:42:745; 9.608000; 8.856100; 247.100200; 
2023.10.20_16:30:42:845; 9.706400; 9.058400; 246.440900; 
2023.10.20_16:30:42:945; 10.009900; 8.910700; 246.419000; 
2023.10.20_16:30:43:045; 9.911500; 8.836900; 246.419000; 
2023.10.20_16:30:43:145; 9.854100; 8.804100; 246.397000; 
2023.10.20_16:30:43:245; 9.755600; 8.629100; 245.144500; 
2023.10.20_16:30:43:345; 9.602500; 8.459600; 245.122500; 
2023.10.20_16:30:43:445; 9.520500; 8.541600; 245.144500; 
2023.10.20_16:30:43:545; 9.736500; 8.538900; 245.122500; 
2023.10.20_16:30:43:645; 9.728300; 8.443200; 245.408200; 
2023.10.20_16:30:43:745; 9.465800; 8.221700; 245.408200; 
2023.10.20_16:30:43:845; 9.547800; 8.224400; 245.408200; 
2023.10.20_16:30:43:945; 9.290800; 7.781500; 245.408200; 
2023.10.20_16:30:44:045; 9.402900; 7.981100; 245.781700; 
2023.10.20_16:30:44:145; 9.427500; 8.156100; 248.089000; 
2023.10.20_16:30:44:245; 9.383800; 7.904500; 247.935200; 
2023.10.20_16:30:44:345; 9.252500; 8.101400; 247.957200; 
2023.10.20_16:30:44:445; 9.074800; 7.964700; 247.957200; 
2023.10.20_16:30:44:545; 9.052900; 8.172500; 245.144500; 
2023.10.20_16:30:44:645; 9.181400; 8.229900; 245.012600; 
2023.10.20_16:30:44:745; 9.058400; 8.303700; 244.990700; 
2023.10.20_16:30:44:845; 9.165000; 8.396700; 244.990700; 
2023.10.20_16:30:44:945; 9.083000; 8.508800; 242.156000; 
2023.10.20_16:30:45:045; 8.957200; 8.555300; 242.397700; 
2023.10.20_16:30:45:145; 8.858800; 8.629100; 242.375800; 
2023.10.20_16:30:45:245; 8.932600; 8.683800; 242.331800; 
2023.10.20_16:30:45:345; 8.705700; 8.774000; 243.276700; 
2023.10.20_16:30:45:445; 8.869700; 9.063900; 243.232700; 
2023.10.20_16:30:45:545; 8.713900; 8.883400; 243.188800; 
2023.10.20_16:30:45:645; 8.812300; 8.774000; 243.188800; 
2023.10.20_16:30:45:745; 8.514300; 8.558000; 243.386600; 
2023.10.20_16:30:45:845; 8.752200; 8.549800; 243.320600; 
2023.10.20_16:30:45:945; 8.675600; 8.342000; 243.320600; 
2023.10.20_16:30:46:045; 8.962700; 8.328300; 243.320600; 
2023.10.20_16:30:46:145; 9.178700; 8.314700; 243.035000; 
2023.10.20_16:30:46:245; 9.159600; 8.251800; 243.013000; 
2023.10.20_16:30:46:345; 9.542400; 8.484200; 242.969100; 
2023.10.20_16:30:46:445; 9.378300; 8.311900; 242.969100; 
2023.10.20_16:30:46:545; 9.364600; 8.653700; 242.925100; 
2023.10.20_16:30:46:645; 9.077500; 8.292800; 242.046100; 
2023.10.20_16:30:46:745; 8.817800; 8.894300; 242.112100; 
2023.10.20_16:30:46:845; 8.607200; 8.533400; 242.134000; 
2023.10.20_16:30:46:945; 8.850600; 8.908000; 242.112100; 
2023.10.20_16:30:47:045; 8.782200; 8.541600; 248.089000; 
2023.10.20_16:30:47:145; 8.757600; 8.927100; 248.726200; 
2023.10.20_16:30:47:245; 8.672900; 8.579900; 248.484500; 
2023.10.20_16:30:47:345; 8.631800; 8.610000; 248.528500; 
2023.10.20_16:30:47:445; 8.651000; 8.610000; 241.826400; 
2023.10.20_16:30:47:545; 8.754900; 8.298300; 239.629000; 
2023.10.20_16:30:47:645; 9.009200; 8.249000; 239.782800; 
2023.10.20_16:30:47:745; 9.225200; 7.945500; 239.958600; 
2023.10.20_16:30:47:845; 9.424800; 8.071300; 237.629400; 
2023.10.20_16:30:47:945; 9.446700; 7.986500; 237.893100; 
2023.10.20_16:30:48:045; 9.996300; 8.131500; 237.915000; 
2023.10.20_16:30:48:145; 10.026300; 8.136900; 237.937000; 
2023.10.20_16:30:48:245; 9.785700; 8.134200; 236.552600; 
2023.10.20_16:30:48:345; 9.796700; 8.454100; 235.475900; 
2023.10.20_16:30:48:445; 9.793900; 8.519700; 235.410000; 
2023.10.20_16:30:48:545; 9.408400; 8.782200; 235.388000; 
2023.10.20_16:30:48:645; 10.094700; 8.935300; 234.267300; 
2023.10.20_16:30:48:745; 9.807600; 8.979100; 232.377600; 
2023.10.20_16:30:48:845; 9.725600; 8.656400; 232.377600; 
2023.10.20_16:30:48:945; 9.774800; 8.899800; 232.333600; 
2023.10.20_16:30:49:045; 9.854100; 8.815000; 232.421500; 
2023.10.20_16:30:49:145; 9.383800; 8.965400; 234.135500; 
2023.10.20_16:30:49:245; 9.536900; 8.823200; 234.047600; 
2023.10.20_16:30:49:345; 9.651700; 8.891600; 234.069600; 
2023.10.20_16:30:49:445; 9.583400; 8.694700; 234.091600; 
2023.10.20_16:30:49:545; 9.772000; 8.757600; 238.112800; 
2023.10.20_16:30:49:645; 9.755600; 8.708400; 237.673300; 
2023.10.20_16:30:49:745; 9.755600; 8.749400; 237.651400; 
2023.10.20_16:30:49:845; 9.613500; 8.782200; 237.629400; 
2023.10.20_16:30:49:945; 9.567000; 8.620900; 239.716900; 
2023.10.20_16:30:50:045; 9.441200; 8.533400; 239.716900; 
2023.10.20_16:30:50:145; 9.356400; 8.574400; 239.804800; 
2023.10.20_16:30:50:245; 9.520500; 8.716600; 239.804800; 
2023.10.20_16:30:50:345; 9.465800; 8.828700; 238.376500; 
2023.10.20_16:30:50:445; 9.870500; 8.845100; 234.311300; 
2023.10.20_16:30:50:545; 9.780200; 8.793200; 234.377200; 
2023.10.20_16:30:50:645; 9.676300; 8.656400; 234.443100; 
2023.10.20_16:30:50:745; 9.977100; 8.817800; 234.926600; 
2023.10.20_16:30:50:845; 10.135700; 8.960000; 237.453600; 
2023.10.20_16:30:50:945; 10.258800; 8.916200; 237.365700; 
2023.10.20_16:30:51:045; 10.310700; 8.831400; 237.321700; 
2023.10.20_16:30:51:145; 10.425500; 8.637300; 237.321700; 
2023.10.20_16:30:51:245; 10.332600; 8.451400; 236.530700; 
2023.10.20_16:30:51:345; 10.491200; 8.303700; 236.486700; 
2023.10.20_16:30:51:445; 10.644300; 8.508800; 236.442800; 
2023.10.20_16:30:51:545; 10.562300; 8.667400; 236.442800; 
2023.10.20_16:30:51:645; 10.275200; 8.350200; 237.431600; 
2023.10.20_16:30:51:745; 10.606000; 8.694700; 237.475600; 
2023.10.20_16:30:51:845; 10.597800; 8.607200; 237.519500; 
2023.10.20_16:30:51:945; 10.417300; 8.749400; 237.519500; 
2023.10.20_16:30:52:045; 10.376300; 8.601800; 235.058400; 
2023.10.20_16:30:52:145; 9.990800; 8.831400; 235.168300; 
2023.10.20_16:30:52:245; 10.070100; 8.648200; 235.212200; 
2023.10.20_16:30:52:345; 10.072800; 8.634600; 235.212200; 
2023.10.20_16:30:52:445; 10.212300; 8.566200; 235.366000; 
2023.10.20_16:30:52:545; 9.988100; 8.527900; 235.937400; 
2023.10.20_16:30:52:645; 10.329800; 8.533400; 235.937400; 
2023.10.20_16:30:52:745; 10.187700; 8.486900; 235.959400; 
2023.10.20_16:30:52:845; 9.949800; 8.571700; 236.113200; 
2023.10.20_16:30:52:945; 9.777500; 8.661900; 238.068800; 
2023.10.20_16:30:53:045; 9.960700; 8.667400; 238.002900; 
2023.10.20_16:30:53:145; 9.971600; 8.880700; 237.959000; 
2023.10.20_16:30:53:245; 9.845900; 9.099400; 238.024900; 
2023.10.20_16:30:53:345; 10.239600; 9.509600; 236.376900; 
2023.10.20_16:30:53:445; 10.111100; 9.744700; 236.310900; 
2023.10.20_16:30:53:545; 9.927900; 9.402900; 236.223000; 
2023.10.20_16:30:53:645; 9.684500; 9.484900; 236.223000; 
2023.10.20_16:30:53:745; 9.914200; 9.465800; 236.882300; 
2023.10.20_16:30:53:845; 10.217700; 9.717400; 236.926200; 
2023.10.20_16:30:53:945; 10.217700; 9.608000; 236.948200; 
2023.10.20_16:30:54:045; 10.373600; 9.534200; 236.948200; 
2023.10.20_16:30:54:145; 10.622400; 9.670900; 235.541800; 
2023.10.20_16:30:54:245; 10.422800; 9.484900; 235.717600; 
2023.10.20_16:30:54:345; 10.636100; 9.318200; 235.761600; 
2023.10.20_16:30:54:445; 10.321600; 9.583400; 235.739600; 
2023.10.20_16:30:54:545; 10.291600; 9.443900; 233.014800; 
2023.10.20_16:30:54:645; 10.565000; 9.419300; 233.300500; 
2023.10.20_16:30:54:745; 10.256000; 9.460300; 233.344400; 
2023.10.20_16:30:54:845; 10.349000; 9.381000; 233.388400; 
2023.10.20_16:30:54:945; 10.231400; 9.416600; 233.322500; 
2023.10.20_16:30:55:045; 10.668900; 9.145900; 232.905000; 
2023.10.20_16:30:55:145; 10.286100; 8.743900; 232.948900; 
2023.10.20_16:30:55:245; 9.840400; 9.340000; 232.948900; 
2023.10.20_16:30:55:345; 9.769300; 9.077500; 232.839000; 
2023.10.20_16:30:55:445; 9.878700; 9.110300; 229.696800; 
2023.10.20_16:30:55:545; 9.911500; 8.981800; 229.762700; 
2023.10.20_16:30:55:645; 9.632600; 9.104900; 229.784700; 
2023.10.20_16:30:55:745; 9.676300; 8.960000; 229.806600; 
2023.10.20_16:30:55:845; 9.526000; 9.110300; 230.993200; 
2023.10.20_16:30:55:945; 9.717400; 9.121300; 231.762300; 
2023.10.20_16:30:56:045; 9.304500; 9.279900; 231.740300; 
2023.10.20_16:30:56:145; 9.170500; 9.113100; 231.718400; 
2023.10.20_16:30:56:245; 9.263500; 8.940800; 239.233500; 
2023.10.20_16:30:56:345; 9.110300; 8.782200; 238.618200; 
2023.10.20_16:30:56:445; 8.938100; 8.867000; 238.618200; 
2023.10.20_16:30:56:545; 8.976400; 9.011900; 238.574200; 
2023.10.20_16:30:56:645; 8.735700; 9.066600; 236.750400; 
2023.10.20_16:30:56:745; 8.886100; 8.921700; 236.838300; 
2023.10.20_16:30:56:845; 8.774000; 8.995500; 236.838300; 
2023.10.20_16:30:56:945; 8.733000; 8.719300; 236.794400; 
2023.10.20_16:30:57:045; 8.752200; 8.749400; 237.014100; 
2023.10.20_16:30:57:145; 8.782200; 8.440400; 237.519500; 
2023.10.20_16:30:57:245; 8.653700; 8.445900; 237.563400; 
2023.10.20_16:30:57:345; 8.607200; 8.219000; 237.519500; 
2023.10.20_16:30:57:445; 8.530700; 8.298300; 235.212200; 
2023.10.20_16:30:57:545; 8.410400; 8.276400; 234.706800; 
2023.10.20_16:30:57:645; 8.678300; 8.399400; 234.684900; 
2023.10.20_16:30:57:745; 8.826000; 8.161500; 234.706800; 
2023.10.20_16:30:57:845; 8.880700; 8.530700; 234.706800; 
2023.10.20_16:30:57:945; 8.763100; 8.317400; 233.014800; 
2023.10.20_16:30:58:045; 8.910700; 8.388500; 232.992900; 
2023.10.20_16:30:58:145; 9.039300; 7.948300; 232.992900; 
2023.10.20_16:30:58:245; 9.107600; 8.079500; 232.970900; 
2023.10.20_16:30:58:345; 8.935300; 7.732300; 231.103100; 
2023.10.20_16:30:58:445; 9.184200; 8.027600; 231.213000; 
2023.10.20_16:30:58:545; 8.987300; 8.651000; 231.234900; 
2023.10.20_16:30:58:645; 9.304500; 8.276400; 231.256900; 
2023.10.20_16:30:58:745; 9.151400; 8.254500; 232.245700; 
2023.10.20_16:30:58:845; 9.698200; 8.169700; 235.805500; 
2023.10.20_16:30:58:945; 9.638100; 8.183400; 235.937400; 
2023.10.20_16:30:59:045; 9.687300; 7.997500; 236.003300; 
2023.10.20_16:30:59:145; 9.788500; 7.915500; 235.673700; 
2023.10.20_16:30:59:245; 9.875900; 7.948300; 233.564200; 
2023.10.20_16:30:59:345; 9.668100; 7.994700; 233.630100; 
2023.10.20_16:30:59:445; 10.048200; 8.139700; 233.630100; 
2023.10.20_16:30:59:545; 10.184900; 8.372100; 233.696000; 
2023.10.20_16:30:59:645; 10.212300; 8.126000; 234.311300; 
2023.10.20_16:30:59:745; 10.130200; 8.145100; 234.245400; 
2023.10.20_16:30:59:845; 10.160300; 7.986500; 234.245400; 
2023.10.20_16:30:59:945; 10.373600; 8.136900; 234.245400; 
2023.10.20_16:31:00:045; 10.001700; 8.199800; 233.783900; 
2023.10.20_16:31:00:145; 10.113800; 8.221700; 233.827900; 
2023.10.20_16:31:00:245; 10.507600; 8.344700; 233.849800; 
2023.10.20_16:31:00:345; 10.384500; 8.369300; 233.827900; 
2023.10.20_16:31:00:445; 10.480200; 8.262700; 230.773500; 
2023.10.20_16:31:00:545; 10.496600; 8.246300; 231.037200; 
2023.10.20_16:31:00:645; 10.305200; 8.131500; 231.081100; 
2023.10.20_16:31:00:745; 10.171300; 8.287300; 231.147000; 
2023.10.20_16:31:00:845; 10.228700; 8.074000; 232.157900; 
2023.10.20_16:31:00:945; 10.149400; 8.117800; 231.982100; 
2023.10.20_16:31:01:045; 10.152100; 8.038500; 232.004000; 
2023.10.20_16:31:01:145; 10.004500; 7.792400; 232.026000; 
2023.10.20_16:31:01:245; 10.247800; 7.910000; 232.817100; 
2023.10.20_16:31:01:345; 10.078300; 7.970100; 239.629000; 
2023.10.20_16:31:01:445; 9.993500; 7.808800; 239.365300; 
2023.10.20_16:31:01:545; 10.018100; 7.940100; 239.299400; 
2023.10.20_16:31:01:645; 10.291600; 8.076800; 239.277400; 
2023.10.20_16:31:01:745; 9.742000; 7.970100; 242.551500; 
2023.10.20_16:31:01:845; 9.763800; 8.035800; 242.749300; 
2023.10.20_16:31:01:945; 9.952500; 8.339300; 242.793300; 
2023.10.20_16:31:02:045; 9.867700; 8.563500; 242.815200; 
2023.10.20_16:31:02:145; 9.635300; 8.593600; 242.705400; 
2023.10.20_16:31:02:245; 9.889600; 8.432200; 242.727300; 
2023.10.20_16:31:02:345; 9.895100; 8.935300; 242.705400; 
2023.10.20_16:31:02:445; 9.873200; 8.727500; 242.727300; 
2023.10.20_16:31:02:545; 10.029100; 8.864300; 242.375800; 
2023.10.20_16:31:02:645; 10.149400; 8.793200; 242.419700; 
2023.10.20_16:31:02:745; 10.302500; 8.785000; 242.419700; 
2023.10.20_16:31:02:845; 10.231400; 8.604500; 242.419700; 
2023.10.20_16:31:02:945; 10.277900; 8.823200; 239.892700; 
2023.10.20_16:31:03:045; 10.234100; 8.642800; 238.068800; 
2023.10.20_16:31:03:145; 10.253300; 8.768600; 238.398500; 
2023.10.20_16:31:03:245; 10.037300; 8.599000; 238.354500; 
2023.10.20_16:31:03:345; 9.881400; 8.719300; 237.871100; 
2023.10.20_16:31:03:445; 9.886900; 8.577200; 237.299800; 
2023.10.20_16:31:03:545; 9.731000; 8.418600; 237.277800; 
2023.10.20_16:31:03:645; 9.624400; 8.415800; 237.277800; 
2023.10.20_16:31:03:745; 10.026300; 8.615400; 237.255800; 
2023.10.20_16:31:03:845; 10.072800; 8.325600; 236.706500; 
2023.10.20_16:31:03:945; 9.941600; 8.620900; 236.728400; 
2023.10.20_16:31:04:045; 10.491200; 8.492400; 236.728400; 
2023.10.20_16:31:04:145; 9.886900; 8.790400; 236.706500; 
2023.10.20_16:31:04:245; 9.856800; 8.530700; 237.893100; 
2023.10.20_16:31:04:345; 9.799400; 8.629100; 237.937000; 
2023.10.20_16:31:04:445; 9.531400; 8.465000; 237.981000; 
2023.10.20_16:31:04:545; 9.709200; 8.590800; 237.981000; 
2023.10.20_16:31:04:645; 9.476700; 8.298300; 239.101600; 
2023.10.20_16:31:04:745; 9.755600; 8.724800; 238.969800; 
2023.10.20_16:31:04:845; 9.856800; 8.571700; 239.013700; 
2023.10.20_16:31:04:945; 9.922400; 9.061100; 239.013700; 
2023.10.20_16:31:05:045; 9.865000; 8.735700; 238.574200; 
2023.10.20_16:31:05:145; 10.009900; 8.809600; 237.739200; 
2023.10.20_16:31:05:245; 10.061900; 8.634600; 237.717300; 
2023.10.20_16:31:05:345; 10.034500; 8.858800; 237.717300; 
2023.10.20_16:31:05:445; 9.897800; 8.610000; 238.552300; 
2023.10.20_16:31:05:545; 9.605300; 8.503300; 241.189200; 
2023.10.20_16:31:05:645; 9.662700; 8.150600; 241.167200; 
2023.10.20_16:31:05:745; 9.763800; 8.311900; 241.145200; 
2023.10.20_16:31:05:845; 9.692800; 8.301000; 241.123200; 
2023.10.20_16:31:05:945; 9.375600; 8.199800; 238.376500; 
2023.10.20_16:31:06:045; 9.465800; 8.514300; 238.376500; 
2023.10.20_16:31:06:145; 9.279900; 8.005700; 238.354500; 
2023.10.20_16:31:06:245; 9.022800; 8.421300; 238.508300; 
2023.10.20_16:31:06:345; 9.072100; 8.106900; 239.629000; 
2023.10.20_16:31:06:445; 8.897100; 8.238100; 239.651000; 
2023.10.20_16:31:06:545; 9.050200; 8.303700; 239.673000; 
2023.10.20_16:31:06:645; 8.694700; 8.082200; 239.694900; 
2023.10.20_16:31:06:745; 8.891600; 8.044000; 239.409300; 
2023.10.20_16:31:06:845; 8.536100; 7.923700; 239.453200; 
2023.10.20_16:31:06:945; 8.651000; 7.904500; 239.431200; 
2023.10.20_16:31:07:045; 8.418600; 8.224400; 239.409300; 
2023.10.20_16:31:07:145; 8.418600; 7.986500; 241.716500; 
2023.10.20_16:31:07:245; 8.287300; 8.229900; 241.870300; 
2023.10.20_16:31:07:345; 8.678300; 8.421300; 241.914300; 
2023.10.20_16:31:07:445; 8.735700; 8.068600; 241.936300; 
2023.10.20_16:31:07:545; 9.225200; 8.027600; 242.156000; 
2023.10.20_16:31:07:645; 9.156800; 7.929100; 244.243500; 
2023.10.20_16:31:07:745; 9.375600; 8.380300; 244.155700; 
2023.10.20_16:31:07:845; 8.979100; 8.342000; 244.133700; 
2023.10.20_16:31:07:945; 9.072100; 8.361100; 244.111700; 
2023.10.20_16:31:08:045; 8.981800; 8.361100; 246.133300; 
2023.10.20_16:31:08:145; 9.268900; 8.404900; 246.001500; 
2023.10.20_16:31:08:245; 8.894300; 8.517000; 246.045400; 
2023.10.20_16:31:08:345; 9.165000; 8.413100; 246.001500; 
2023.10.20_16:31:08:445; 8.798600; 8.279100; 243.188800; 
2023.10.20_16:31:08:545; 9.315400; 8.254500; 242.947100; 
2023.10.20_16:31:08:645; 8.949000; 8.041200; 242.903100; 
