TimeStamp_UTC; mm_ws_110m[m/s]; mm_ws_60m[m/s]; mm_wd_110m[deg]; 
2023.10.20_16:33:08:745; 9.802100; 6.745200; 233.476300; 
2023.10.20_16:33:08:845; 9.906000; 6.701400; 233.761900; 
2023.10.20_16:33:08:945; 10.018100; 6.922900; 233.761900; 
2023.10.20_16:33:09:045; 10.288800; 6.794400; 233.783900; 
2023.10.20_16:33:09:145; 10.313400; 6.706900; 233.740000; 
2023.10.20_16:33:09:245; 10.215000; 6.622100; 236.113200; 
2023.10.20_16:33:09:345; 10.433700; 6.447100; 236.245000; 
2023.10.20_16:33:09:445; 10.491200; 6.518200; 236.245000; 
2023.10.20_16:33:09:545; 10.589600; 6.258500; 236.267000; 
2023.10.20_16:33:09:645; 10.846600; 6.370600; 237.409600; 
2023.10.20_16:33:09:745; 10.854800; 6.307700; 237.519500; 
2023.10.20_16:33:09:845; 10.906800; 6.266700; 237.519500; 
2023.10.20_16:33:09:945; 10.586900; 6.302200; 237.497500; 
2023.10.20_16:33:10:045; 10.783700; 6.381500; 241.167200; 
2023.10.20_16:33:10:145; 10.644300; 6.181900; 240.903500; 
2023.10.20_16:33:10:245; 10.750900; 6.288500; 240.859500; 
2023.10.20_16:33:10:345; 10.551300; 6.203800; 240.815600; 
2023.10.20_16:33:10:445; 10.483000; 6.086200; 242.243900; 
2023.10.20_16:33:10:545; 10.611500; 6.127200; 242.793300; 
2023.10.20_16:33:10:645; 10.622400; 6.058900; 242.815200; 
2023.10.20_16:33:10:745; 10.280600; 5.974100; 242.859200; 
2023.10.20_16:33:10:845; 10.477500; 6.088900; 242.793300; 
2023.10.20_16:33:10:945; 10.154800; 6.187400; 240.661800; 
2023.10.20_16:33:11:045; 10.403700; 6.061600; 240.793600; 
2023.10.20_16:33:11:145; 10.174000; 5.979600; 240.727700; 
2023.10.20_16:33:11:245; 9.859500; 6.354200; 240.749700; 
2023.10.20_16:33:11:345; 9.834900; 6.280300; 243.540400; 
2023.10.20_16:33:11:445; 9.777500; 6.302200; 243.166800; 
2023.10.20_16:33:11:545; 9.761100; 6.160000; 243.188800; 
2023.10.20_16:33:11:645; 9.676300; 6.507300; 243.232700; 
2023.10.20_16:33:11:745; 10.097400; 6.354200; 245.562000; 
2023.10.20_16:33:11:845; 9.780200; 6.425300; 245.693800; 
2023.10.20_16:33:11:945; 9.465800; 6.493600; 245.693800; 
2023.10.20_16:33:12:045; 9.550600; 6.515500; 245.671900; 
2023.10.20_16:33:12:145; 9.468500; 6.556500; 239.914700; 
2023.10.20_16:33:12:245; 9.230700; 6.562000; 240.551900; 
2023.10.20_16:33:12:345; 9.277100; 6.767000; 240.639800; 
2023.10.20_16:33:12:445; 9.159600; 6.463500; 240.661800; 
2023.10.20_16:33:12:545; 9.449400; 6.545600; 240.090500; 
2023.10.20_16:33:12:645; 9.490400; 6.556500; 240.156400; 
2023.10.20_16:33:12:745; 9.217000; 6.540100; 240.156400; 
2023.10.20_16:33:12:845; 9.115800; 6.709600; 240.156400; 
2023.10.20_16:33:12:945; 8.812300; 6.600300; 240.727700; 
2023.10.20_16:33:13:045; 8.894300; 6.747900; 241.408900; 
2023.10.20_16:33:13:145; 8.670100; 6.920200; 241.408900; 
2023.10.20_16:33:13:245; 8.845100; 6.542800; 241.408900; 
2023.10.20_16:33:13:345; 8.667400; 6.488100; 241.430900; 
2023.10.20_16:33:13:445; 8.927100; 6.488100; 241.013400; 
2023.10.20_16:33:13:545; 8.938100; 6.575600; 240.991400; 
2023.10.20_16:33:13:645; 9.186900; 6.488100; 241.035300; 
2023.10.20_16:33:13:745; 9.184200; 6.406100; 241.035300; 
2023.10.20_16:33:13:845; 9.124000; 6.403400; 237.211900; 
2023.10.20_16:33:13:945; 9.140400; 6.400600; 237.343700; 
2023.10.20_16:33:14:045; 8.754900; 6.359600; 237.387700; 
2023.10.20_16:33:14:145; 9.132200; 6.463500; 237.409600; 
2023.10.20_16:33:14:245; 8.858800; 6.490900; 246.045400; 
2023.10.20_16:33:14:345; 9.042000; 6.441700; 245.825700; 
2023.10.20_16:33:14:445; 9.156800; 6.203800; 245.957500; 
2023.10.20_16:33:14:545; 9.011900; 6.255700; 245.979500; 
2023.10.20_16:33:14:645; 8.793200; 6.507300; 238.816000; 
2023.10.20_16:33:14:745; 8.779500; 6.657700; 239.189500; 
2023.10.20_16:33:14:845; 8.765800; 6.657700; 238.991800; 
2023.10.20_16:33:14:945; 8.793200; 6.788900; 238.881900; 
2023.10.20_16:33:15:045; 8.897100; 6.578400; 241.496800; 
2023.10.20_16:33:15:145; 8.776800; 6.608500; 242.243900; 
2023.10.20_16:33:15:245; 8.902500; 6.537400; 242.178000; 
2023.10.20_16:33:15:345; 8.711100; 6.548300; 242.156000; 
2023.10.20_16:33:15:445; 8.929900; 6.627600; 241.980200; 
2023.10.20_16:33:15:545; 8.858800; 6.750600; 240.903500; 
2023.10.20_16:33:15:645; 8.793200; 6.668600; 240.969400; 
2023.10.20_16:33:15:745; 8.916200; 6.753400; 240.969400; 
2023.10.20_16:33:15:845; 9.167800; 6.652200; 240.991400; 
2023.10.20_16:33:15:945; 9.247100; 6.816300; 238.266600; 
2023.10.20_16:33:16:045; 9.203300; 6.726000; 238.068800; 
2023.10.20_16:33:16:145; 9.378300; 6.586600; 238.068800; 
2023.10.20_16:33:16:245; 9.233400; 6.572900; 238.090800; 
2023.10.20_16:33:16:345; 9.309900; 6.504600; 239.475200; 
2023.10.20_16:33:16:445; 8.976400; 6.367800; 239.321400; 
2023.10.20_16:33:16:545; 8.760400; 6.263900; 239.255400; 
2023.10.20_16:33:16:645; 9.014600; 6.266700; 239.277400; 
2023.10.20_16:33:16:745; 9.389200; 6.326800; 233.849800; 
2023.10.20_16:33:16:845; 8.962700; 6.244800; 230.883400; 
2023.10.20_16:33:16:945; 8.951800; 6.192800; 230.663600; 
2023.10.20_16:33:17:045; 9.143200; 6.225700; 230.597700; 
2023.10.20_16:33:17:145; 8.853300; 6.307700; 231.015200; 
2023.10.20_16:33:17:245; 9.178700; 6.272100; 236.310900; 
2023.10.20_16:33:17:345; 9.115800; 6.318600; 236.091200; 
2023.10.20_16:33:17:445; 9.361900; 6.244800; 236.003300; 
2023.10.20_16:33:17:545; 9.184200; 6.099900; 235.739600; 
2023.10.20_16:33:17:645; 9.315400; 6.061600; 229.213300; 
2023.10.20_16:33:17:745; 9.446700; 5.878400; 229.411100; 
2023.10.20_16:33:17:845; 9.331800; 5.782700; 229.433100; 
2023.10.20_16:33:17:945; 9.181400; 5.738900; 229.433100; 
2023.10.20_16:33:18:045; 9.124000; 5.935800; 232.026000; 
2023.10.20_16:33:18:145; 8.670100; 5.613200; 231.894200; 
2023.10.20_16:33:18:245; 8.437700; 5.662400; 231.982100; 
2023.10.20_16:33:18:345; 8.555300; 5.749900; 231.938100; 
2023.10.20_16:33:18:445; 8.339300; 5.799100; 233.586200; 
2023.10.20_16:33:18:545; 8.281900; 5.738900; 233.652100; 
2023.10.20_16:33:18:645; 8.281900; 5.736200; 233.652100; 
2023.10.20_16:33:18:745; 8.372100; 5.659700; 233.652100; 
2023.10.20_16:33:18:845; 8.273600; 5.640500; 234.684900; 
2023.10.20_16:33:18:945; 8.410400; 5.662400; 234.553000; 
2023.10.20_16:33:19:045; 8.396700; 5.624100; 234.553000; 
2023.10.20_16:33:19:145; 8.290100; 5.700700; 234.531000; 
2023.10.20_16:33:19:245; 8.301000; 5.771800; 232.597300; 
2023.10.20_16:33:19:345; 8.156100; 5.788200; 229.718700; 
2023.10.20_16:33:19:445; 8.396700; 5.903000; 229.740700; 
2023.10.20_16:33:19:545; 8.139700; 5.998700; 229.718700; 
2023.10.20_16:33:19:645; 8.451400; 5.990500; 229.718700; 
2023.10.20_16:33:19:745; 8.292800; 6.176400; 230.092300; 
2023.10.20_16:33:19:845; 8.287300; 6.359600; 230.092300; 
2023.10.20_16:33:19:945; 8.377500; 6.313200; 230.092300; 
2023.10.20_16:33:20:045; 7.910000; 6.324100; 230.092300; 
2023.10.20_16:33:20:145; 7.986500; 6.359600; 230.070300; 
2023.10.20_16:33:20:245; 7.776000; 6.335000; 230.070300; 
2023.10.20_16:33:20:345; 7.393200; 6.315900; 230.070300; 
2023.10.20_16:33:20:445; 7.346700; 6.428000; 230.070300; 
2023.10.20_16:33:20:545; 7.349500; 6.069800; 233.322500; 
2023.10.20_16:33:20:645; 7.570900; 6.116300; 233.212600; 
2023.10.20_16:33:20:745; 7.724100; 6.116300; 233.146700; 
2023.10.20_16:33:20:845; 8.013900; 6.138200; 233.168700; 
2023.10.20_16:33:20:945; 7.899000; 6.244800; 235.234200; 
2023.10.20_16:33:21:045; 7.972900; 6.220200; 235.102400; 
2023.10.20_16:33:21:145; 8.128700; 6.370600; 235.146300; 
2023.10.20_16:33:21:245; 8.041200; 6.471700; 235.146300; 
2023.10.20_16:33:21:345; 8.191600; 6.504600; 237.827100; 
2023.10.20_16:33:21:445; 8.175200; 6.540100; 237.981000; 
2023.10.20_16:33:21:545; 8.194400; 6.553800; 238.024900; 
2023.10.20_16:33:21:645; 8.462300; 6.414300; 238.068800; 
2023.10.20_16:33:21:745; 8.333800; 6.324100; 238.244600; 
2023.10.20_16:33:21:845; 8.670100; 6.315900; 238.837900; 
2023.10.20_16:33:21:945; 8.519700; 5.949500; 238.837900; 
2023.10.20_16:33:22:045; 8.741200; 5.982300; 238.816000; 
2023.10.20_16:33:22:145; 8.388500; 6.119000; 238.837900; 
2023.10.20_16:33:22:245; 8.380300; 5.864700; 236.684500; 
2023.10.20_16:33:22:345; 8.757600; 5.998700; 236.596600; 
2023.10.20_16:33:22:445; 8.560700; 6.176400; 236.552600; 
2023.10.20_16:33:22:545; 8.932600; 5.971400; 236.530700; 
2023.10.20_16:33:22:645; 8.962700; 5.881100; 241.167200; 
2023.10.20_16:33:22:745; 9.293500; 6.012400; 241.738500; 
2023.10.20_16:33:22:845; 8.724800; 5.878400; 241.606700; 
2023.10.20_16:33:22:945; 8.932600; 5.900300; 241.562700; 
2023.10.20_16:33:23:045; 8.229900; 5.853800; 237.409600; 
2023.10.20_16:33:23:145; 8.101400; 5.793600; 236.706500; 
2023.10.20_16:33:23:245; 7.819800; 5.831900; 236.552600; 
2023.10.20_16:33:23:345; 7.778700; 5.955000; 236.508700; 
2023.10.20_16:33:23:445; 7.688500; 6.012400; 236.267000; 
2023.10.20_16:33:23:545; 7.434200; 6.173700; 236.135100; 
2023.10.20_16:33:23:645; 7.409600; 6.231100; 236.113200; 
2023.10.20_16:33:23:745; 7.292000; 6.447100; 236.135100; 
2023.10.20_16:33:23:845; 7.382300; 6.808100; 235.453900; 
2023.10.20_16:33:23:945; 7.240100; 6.860000; 229.652800; 
2023.10.20_16:33:24:045; 7.062400; 7.207300; 229.059500; 
2023.10.20_16:33:24:145; 7.048700; 7.270200; 229.125400; 
2023.10.20_16:33:24:245; 6.912000; 7.062400; 229.191400; 
2023.10.20_16:33:24:345; 7.067800; 6.980300; 218.841600; 
2023.10.20_16:33:24:445; 6.791700; 7.051400; 219.456900; 
2023.10.20_16:33:24:545; 6.898300; 7.048700; 219.522800; 
2023.10.20_16:33:24:645; 6.860000; 7.272900; 219.369000; 
2023.10.20_16:33:24:745; 6.928400; 7.169000; 237.893100; 
2023.10.20_16:33:24:845; 6.953000; 7.275600; 239.079700; 
2023.10.20_16:33:24:945; 6.840900; 7.264700; 239.343300; 
2023.10.20_16:33:25:045; 7.024100; 7.128000; 239.453200; 
2023.10.20_16:33:25:145; 7.330300; 6.715100; 222.137700; 
2023.10.20_16:33:25:245; 7.858000; 6.644000; 224.093400; 
2023.10.20_16:33:25:345; 8.136900; 6.682300; 224.576800; 
2023.10.20_16:33:25:445; 8.238100; 6.597500; 224.466900; 
2023.10.20_16:33:25:545; 8.563500; 6.633100; 228.158600; 
2023.10.20_16:33:25:645; 8.369300; 6.529200; 233.080700; 
2023.10.20_16:33:25:745; 8.232600; 6.452600; 233.168700; 
2023.10.20_16:33:25:845; 8.161500; 6.523700; 233.190600; 
2023.10.20_16:33:25:945; 8.120500; 6.365100; 233.080700; 
2023.10.20_16:33:26:045; 8.054900; 6.447100; 228.993600; 
2023.10.20_16:33:26:145; 8.090400; 6.455300; 229.125400; 
2023.10.20_16:33:26:245; 8.229900; 6.378800; 229.169400; 
2023.10.20_16:33:26:345; 8.268200; 6.419800; 235.563800; 
2023.10.20_16:33:26:445; 8.109600; 6.367800; 236.530700; 
2023.10.20_16:33:26:545; 7.951000; 6.414300; 236.970200; 
2023.10.20_16:33:26:645; 7.745900; 6.488100; 236.992100; 
2023.10.20_16:33:26:745; 7.683000; 6.616700; 237.036100; 
2023.10.20_16:33:26:845; 7.633800; 6.280300; 230.048300; 
2023.10.20_16:33:26:945; 7.125200; 6.310400; 229.762700; 
2023.10.20_16:33:27:045; 7.106100; 6.299500; 229.762700; 
2023.10.20_16:33:27:145; 6.944800; 6.124500; 229.740700; 
2023.10.20_16:33:27:245; 6.843600; 6.075300; 241.299000; 
2023.10.20_16:33:27:345; 6.942000; 6.031500; 241.255100; 
2023.10.20_16:33:27:445; 6.720600; 6.050700; 241.189200; 
2023.10.20_16:33:27:545; 6.548300; 6.119000; 241.189200; 
2023.10.20_16:33:27:645; 6.485400; 6.064300; 239.013700; 
2023.10.20_16:33:27:745; 6.417100; 6.220200; 239.189500; 
2023.10.20_16:33:27:845; 6.438900; 6.247500; 239.233500; 
2023.10.20_16:33:27:945; 6.592100; 6.192800; 239.211500; 
2023.10.20_16:33:28:045; 6.589300; 6.231100; 239.541100; 
2023.10.20_16:33:28:145; 6.756100; 6.228400; 240.464000; 
2023.10.20_16:33:28:245; 6.772500; 6.203800; 240.464000; 
2023.10.20_16:33:28:345; 6.821700; 6.127200; 240.464000; 
2023.10.20_16:33:28:445; 6.873700; 6.168200; 240.420100; 
2023.10.20_16:33:28:545; 6.906500; 6.212000; 232.948900; 
2023.10.20_16:33:28:645; 7.048700; 6.274900; 232.575300; 
2023.10.20_16:33:28:745; 7.073300; 6.482700; 232.465500; 
2023.10.20_16:33:28:845; 7.024100; 6.250300; 232.443500; 
2023.10.20_16:33:28:945; 7.207300; 6.272100; 235.871400; 
2023.10.20_16:33:29:045; 7.125200; 6.236600; 236.245000; 
2023.10.20_16:33:29:145; 7.234600; 6.471700; 236.179100; 
2023.10.20_16:33:29:245; 7.212700; 6.556500; 236.179100; 
2023.10.20_16:33:29:345; 7.125200; 6.534600; 239.629000; 
2023.10.20_16:33:29:445; 7.040500; 6.696000; 239.343300; 
2023.10.20_16:33:29:545; 6.947500; 6.693200; 239.189500; 
2023.10.20_16:33:29:645; 6.920200; 6.687800; 239.277400; 
2023.10.20_16:33:29:745; 6.698700; 6.720600; 238.837900; 
2023.10.20_16:33:29:845; 6.693200; 6.679500; 238.728100; 
2023.10.20_16:33:29:945; 6.644000; 6.696000; 238.772000; 
2023.10.20_16:33:30:045; 6.619400; 6.676800; 238.750000; 
2023.10.20_16:33:30:145; 6.553800; 6.592100; 238.376500; 
2023.10.20_16:33:30:245; 6.469000; 6.720600; 238.288600; 
2023.10.20_16:33:30:345; 6.474500; 7.026800; 238.266600; 
2023.10.20_16:33:30:445; 6.572900; 6.942000; 238.266600; 
2023.10.20_16:33:30:545; 6.425300; 6.862700; 238.728100; 
2023.10.20_16:33:30:645; 6.428000; 6.884600; 241.760500; 
2023.10.20_16:33:30:745; 6.384200; 7.272900; 241.496800; 
2023.10.20_16:33:30:845; 6.335000; 7.508000; 241.562700; 
2023.10.20_16:33:30:945; 6.324100; 7.048700; 241.518800; 
2023.10.20_16:33:31:045; 6.269400; 7.095200; 242.837200; 
2023.10.20_16:33:31:145; 6.460800; 7.480700; 242.903100; 
2023.10.20_16:33:31:245; 6.698700; 7.869000; 242.947100; 
2023.10.20_16:33:31:345; 6.898300; 7.789700; 242.947100; 
2023.10.20_16:33:31:445; 6.999500; 7.961900; 237.629400; 
2023.10.20_16:33:31:545; 6.969400; 8.194400; 238.244600; 
2023.10.20_16:33:31:645; 7.303000; 7.836200; 238.354500; 
2023.10.20_16:33:31:745; 7.190900; 7.945500; 238.376500; 
2023.10.20_16:33:31:845; 7.193600; 8.024800; 238.794000; 
2023.10.20_16:33:31:945; 7.152600; 8.095900; 239.035700; 
2023.10.20_16:33:32:045; 7.256500; 8.115100; 239.057700; 
2023.10.20_16:33:32:145; 7.240100; 8.008400; 239.057700; 
2023.10.20_16:33:32:245; 7.278400; 7.951000; 237.211900; 
2023.10.20_16:33:32:345; 7.385000; 7.934600; 235.212200; 
2023.10.20_16:33:32:445; 7.289300; 7.642000; 235.190300; 
2023.10.20_16:33:32:545; 7.560000; 7.644800; 235.168300; 
2023.10.20_16:33:32:645; 7.535400; 7.573700; 233.937700; 
2023.10.20_16:33:32:745; 7.409600; 7.759600; 232.048000; 
2023.10.20_16:33:32:845; 7.573700; 8.024800; 232.135900; 
2023.10.20_16:33:32:945; 7.592800; 7.959200; 232.157900; 
2023.10.20_16:33:33:045; 7.491600; 7.822500; 232.267700; 
2023.10.20_16:33:33:145; 7.592800; 7.904500; 237.409600; 
2023.10.20_16:33:33:245; 7.691200; 8.161500; 237.343700; 
2023.10.20_16:33:33:345; 7.655700; 7.972900; 237.343700; 
2023.10.20_16:33:33:445; 7.568200; 8.101400; 237.365700; 
2023.10.20_16:33:33:545; 7.584600; 7.896300; 241.035300; 
2023.10.20_16:33:33:645; 7.620100; 8.030300; 240.991400; 
2023.10.20_16:33:33:745; 7.204500; 8.325600; 241.035300; 
2023.10.20_16:33:33:845; 7.303000; 7.986500; 241.035300; 
2023.10.20_16:33:33:945; 7.245500; 8.090400; 239.936600; 
2023.10.20_16:33:34:045; 7.267400; 8.011200; 238.903900; 
2023.10.20_16:33:34:145; 7.065100; 8.175200; 238.925800; 
2023.10.20_16:33:34:245; 7.193600; 8.085000; 238.925800; 
2023.10.20_16:33:34:345; 7.491600; 7.904500; 238.859900; 
2023.10.20_16:33:34:445; 7.275600; 7.811500; 238.706100; 
2023.10.20_16:33:34:545; 7.374100; 7.860800; 238.706100; 
2023.10.20_16:33:34:645; 7.281100; 7.803300; 238.684100; 
2023.10.20_16:33:34:745; 7.767800; 7.849800; 238.750000; 
2023.10.20_16:33:34:845; 7.797900; 8.172500; 241.518800; 
2023.10.20_16:33:34:945; 7.825200; 7.907300; 241.518800; 
2023.10.20_16:33:35:045; 8.134200; 8.128700; 241.540700; 
2023.10.20_16:33:35:145; 7.948300; 8.054900; 241.540700; 
2023.10.20_16:33:35:245; 8.167000; 8.153300; 240.354100; 
2023.10.20_16:33:35:345; 8.046700; 7.992000; 240.288200; 
2023.10.20_16:33:35:445; 7.967400; 8.038500; 240.288200; 
2023.10.20_16:33:35:545; 7.803300; 7.942800; 240.310200; 
2023.10.20_16:33:35:645; 7.579100; 8.000200; 240.068500; 
2023.10.20_16:33:35:745; 7.519000; 8.027600; 240.068500; 
2023.10.20_16:33:35:845; 7.595500; 8.016600; 240.068500; 
2023.10.20_16:33:35:945; 7.669400; 7.519000; 240.068500; 
2023.10.20_16:33:36:045; 7.379500; 7.603700; 240.969400; 
2023.10.20_16:33:36:145; 7.562700; 7.814300; 240.859500; 
2023.10.20_16:33:36:245; 7.524400; 7.710400; 240.881500; 
2023.10.20_16:33:36:345; 7.480700; 7.811500; 240.881500; 
2023.10.20_16:33:36:445; 7.628400; 7.808800; 240.244300; 
2023.10.20_16:33:36:545; 7.814300; 7.554500; 240.200300; 
2023.10.20_16:33:36:645; 8.093200; 7.365900; 240.178400; 
2023.10.20_16:33:36:745; 7.756900; 7.532700; 240.200300; 
2023.10.20_16:33:36:845; 7.972900; 7.893600; 241.408900; 
2023.10.20_16:33:36:945; 7.762300; 7.554500; 249.715100; 
2023.10.20_16:33:37:045; 7.860800; 7.836200; 249.407400; 
2023.10.20_16:33:37:145; 7.852600; 7.636600; 249.209700; 
2023.10.20_16:33:37:245; 7.871700; 7.562700; 249.275600; 
2023.10.20_16:33:37:345; 7.838900; 7.743200; 243.122900; 
2023.10.20_16:33:37:445; 7.899000; 7.669400; 242.529600; 
2023.10.20_16:33:37:545; 7.803300; 7.322100; 242.551500; 
2023.10.20_16:33:37:645; 7.661200; 7.286600; 242.485600; 
2023.10.20_16:33:37:745; 7.486200; 7.281100; 243.848000; 
2023.10.20_16:33:37:845; 7.262000; 7.212700; 243.694200; 
2023.10.20_16:33:37:945; 7.226400; 7.169000; 243.672200; 
2023.10.20_16:33:38:045; 7.385000; 7.097900; 243.694200; 
2023.10.20_16:33:38:145; 7.461600; 7.453400; 243.166800; 
2023.10.20_16:33:38:245; 7.368600; 7.948300; 243.210800; 
2023.10.20_16:33:38:345; 7.404100; 7.636600; 243.254700; 
2023.10.20_16:33:38:445; 7.524400; 7.745900; 243.232700; 
2023.10.20_16:33:38:545; 7.554500; 7.642000; 239.716900; 
2023.10.20_16:33:38:645; 7.661200; 7.584600; 238.266600; 
2023.10.20_16:33:38:745; 7.603700; 7.609200; 237.937000; 
2023.10.20_16:33:38:845; 7.642000; 7.590100; 238.112800; 
2023.10.20_16:33:38:945; 7.519000; 7.303000; 241.145200; 
2023.10.20_16:33:39:045; 7.434200; 7.338500; 241.079300; 
2023.10.20_16:33:39:145; 7.674800; 7.516200; 240.925500; 
2023.10.20_16:33:39:245; 7.516200; 7.401400; 240.925500; 
2023.10.20_16:33:39:345; 7.286600; 7.368600; 240.595900; 
2023.10.20_16:33:39:445; 7.447900; 7.765100; 234.553000; 
2023.10.20_16:33:39:545; 7.551800; 7.926400; 234.794700; 
2023.10.20_16:33:39:645; 7.573700; 7.650200; 234.860600; 
2023.10.20_16:33:39:745; 7.661200; 7.674800; 234.882600; 
2023.10.20_16:33:39:845; 8.016600; 7.532700; 235.036400; 
2023.10.20_16:33:39:945; 7.778700; 7.740500; 235.036400; 
2023.10.20_16:33:40:045; 7.754100; 7.858000; 235.036400; 
2023.10.20_16:33:40:145; 7.836200; 7.912700; 235.036400; 
2023.10.20_16:33:40:245; 7.729500; 7.844400; 234.992500; 
2023.10.20_16:33:40:345; 7.598300; 7.866200; 234.992500; 
2023.10.20_16:33:40:445; 7.653000; 8.035800; 234.992500; 
2023.10.20_16:33:40:545; 7.888100; 7.959200; 234.992500; 
2023.10.20_16:33:40:645; 7.579100; 8.235400; 236.508700; 
2023.10.20_16:33:40:745; 7.729500; 8.038500; 238.772000; 
2023.10.20_16:33:40:845; 7.680300; 7.989300; 238.837900; 
2023.10.20_16:33:40:945; 7.718600; 8.035800; 238.859900; 
2023.10.20_16:33:41:045; 7.776000; 7.743200; 239.563100; 
2023.10.20_16:33:41:145; 7.606500; 7.781500; 241.606700; 
2023.10.20_16:33:41:245; 7.398700; 7.434200; 241.562700; 
2023.10.20_16:33:41:345; 7.540900; 7.333000; 241.518800; 
2023.10.20_16:33:41:445; 7.814300; 7.305700; 241.518800; 
2023.10.20_16:33:41:545; 7.715800; 7.423300; 240.837600; 
2023.10.20_16:33:41:645; 7.885400; 7.128000; 240.815600; 
2023.10.20_16:33:41:745; 7.989300; 7.169000; 240.815600; 
2023.10.20_16:33:41:845; 8.079500; 7.360400; 240.815600; 
2023.10.20_16:33:41:945; 8.325600; 7.316600; 239.211500; 
2023.10.20_16:33:42:045; 8.235400; 7.524400; 239.145600; 
2023.10.20_16:33:42:145; 8.112300; 7.404100; 239.167600; 
2023.10.20_16:33:42:245; 8.257200; 7.743200; 239.123600; 
2023.10.20_16:33:42:345; 8.197100; 7.808800; 241.277100; 
2023.10.20_16:33:42:445; 7.934600; 7.885400; 241.321000; 
2023.10.20_16:33:42:545; 8.074000; 7.923700; 241.277100; 
2023.10.20_16:33:42:645; 8.145100; 7.907300; 241.277100; 
2023.10.20_16:33:42:745; 8.383000; 7.858000; 239.365300; 
2023.10.20_16:33:42:845; 8.093200; 7.907300; 239.343300; 
2023.10.20_16:33:42:945; 8.325600; 8.013900; 239.365300; 
2023.10.20_16:33:43:045; 8.057600; 7.765100; 239.365300; 
2023.10.20_16:33:43:145; 8.044000; 7.819800; 239.343300; 
2023.10.20_16:33:43:245; 8.076800; 8.262700; 238.112800; 
2023.10.20_16:33:43:345; 8.049400; 8.008400; 238.134800; 
2023.10.20_16:33:43:445; 8.229900; 8.112300; 238.112800; 
2023.10.20_16:33:43:545; 8.188900; 8.005700; 238.266600; 
2023.10.20_16:33:43:645; 8.098700; 8.027600; 239.585100; 
2023.10.20_16:33:43:745; 8.172500; 8.005700; 239.673000; 
2023.10.20_16:33:43:845; 8.391200; 7.729500; 239.673000; 
2023.10.20_16:33:43:945; 8.656400; 7.838900; 239.673000; 
2023.10.20_16:33:44:045; 8.503300; 8.005700; 239.738900; 
2023.10.20_16:33:44:145; 8.697500; 7.803300; 239.738900; 
2023.10.20_16:33:44:245; 8.689300; 7.920900; 239.738900; 
2023.10.20_16:33:44:345; 8.976400; 8.303700; 239.738900; 
2023.10.20_16:33:44:445; 8.940800; 7.855300; 238.508300; 
2023.10.20_16:33:44:545; 8.793200; 7.797900; 238.376500; 
2023.10.20_16:33:44:645; 8.629100; 7.674800; 238.376500; 
2023.10.20_16:33:44:745; 8.746700; 7.458800; 238.398500; 
2023.10.20_16:33:44:845; 8.610000; 7.595500; 243.562300; 
2023.10.20_16:33:44:945; 8.552500; 7.622900; 243.078900; 
2023.10.20_16:33:45:045; 8.134200; 7.283800; 242.991000; 
2023.10.20_16:33:45:145; 8.549800; 7.390500; 242.925100; 
2023.10.20_16:33:45:245; 8.352900; 7.395900; 243.166800; 
2023.10.20_16:33:45:345; 8.432200; 7.196300; 243.232700; 
2023.10.20_16:33:45:445; 8.686500; 7.108800; 243.254700; 
2023.10.20_16:33:45:545; 8.596300; 7.144400; 243.232700; 
2023.10.20_16:33:45:645; 8.724800; 7.281100; 243.232700; 
2023.10.20_16:33:45:745; 8.817800; 7.469800; 243.122900; 
2023.10.20_16:33:45:845; 9.003700; 7.141600; 243.144900; 
2023.10.20_16:33:45:945; 8.883400; 7.144400; 243.144900; 
2023.10.20_16:33:46:045; 9.154100; 7.190900; 243.144900; 
2023.10.20_16:33:46:145; 9.085700; 7.499800; 241.738500; 
2023.10.20_16:33:46:245; 9.066600; 7.218200; 241.694600; 
2023.10.20_16:33:46:345; 9.137700; 7.292000; 241.650600; 
2023.10.20_16:33:46:445; 8.560700; 7.390500; 241.650600; 
2023.10.20_16:33:46:545; 8.785000; 7.404100; 241.936300; 
2023.10.20_16:33:46:645; 8.454100; 7.439700; 241.892300; 
2023.10.20_16:33:46:745; 8.424000; 7.393200; 241.892300; 
2023.10.20_16:33:46:845; 8.894300; 7.513500; 241.892300; 
2023.10.20_16:33:46:945; 8.571700; 7.776000; 244.243500; 
2023.10.20_16:33:47:045; 8.845100; 7.442400; 244.045800; 
2023.10.20_16:33:47:145; 8.448600; 8.177900; 244.045800; 
2023.10.20_16:33:47:245; 8.495100; 7.781500; 243.979900; 
2023.10.20_16:33:47:345; 8.380300; 7.568200; 244.089700; 
2023.10.20_16:33:47:445; 8.544300; 7.710400; 244.111700; 
2023.10.20_16:33:47:545; 8.421300; 7.765100; 244.111700; 
2023.10.20_16:33:47:645; 8.579900; 7.483400; 244.111700; 
2023.10.20_16:33:47:745; 8.372100; 7.439700; 243.430500; 
2023.10.20_16:33:47:845; 8.309200; 7.417800; 241.716500; 
2023.10.20_16:33:47:945; 8.582600; 7.300200; 241.782500; 
2023.10.20_16:33:48:045; 8.839600; 7.182700; 241.826400; 
2023.10.20_16:33:48:145; 8.902500; 7.136200; 241.826400; 
2023.10.20_16:33:48:245; 9.077500; 7.262000; 238.090800; 
2023.10.20_16:33:48:345; 9.022800; 7.395900; 238.156800; 
2023.10.20_16:33:48:445; 9.288100; 7.103400; 238.156800; 
2023.10.20_16:33:48:545; 9.217000; 7.248300; 238.156800; 
2023.10.20_16:33:48:645; 9.512300; 7.108800; 237.321700; 
2023.10.20_16:33:48:745; 9.550600; 7.297500; 237.321700; 
2023.10.20_16:33:48:845; 9.515000; 7.226400; 237.343700; 
2023.10.20_16:33:48:945; 9.711900; 7.300200; 237.343700; 
2023.10.20_16:33:49:045; 9.848600; 7.316600; 241.123200; 
2023.10.20_16:33:49:145; 9.520500; 7.311200; 241.299000; 
2023.10.20_16:33:49:245; 9.610700; 7.234600; 241.364900; 
2023.10.20_16:33:49:345; 9.714600; 7.272900; 241.386900; 
2023.10.20_16:33:49:445; 9.408400; 7.382300; 240.639800; 
2023.10.20_16:33:49:545; 9.463100; 7.483400; 238.156800; 
2023.10.20_16:33:49:645; 9.225200; 7.346700; 238.222700; 
2023.10.20_16:33:49:745; 9.236100; 7.374100; 238.244600; 
2023.10.20_16:33:49:845; 9.156800; 7.223700; 237.607400; 
2023.10.20_16:33:49:945; 8.880700; 7.374100; 237.277800; 
2023.10.20_16:33:50:045; 9.129500; 7.188100; 237.321700; 
2023.10.20_16:33:50:145; 8.877900; 7.081500; 237.343700; 
2023.10.20_16:33:50:245; 8.954500; 7.141600; 237.321700; 
2023.10.20_16:33:50:345; 8.806800; 7.275600; 237.497500; 
2023.10.20_16:33:50:445; 8.826000; 7.275600; 237.497500; 
2023.10.20_16:33:50:545; 8.730300; 7.199100; 237.497500; 
2023.10.20_16:33:50:645; 9.167800; 7.207300; 237.497500; 
2023.10.20_16:33:50:745; 9.446700; 7.371300; 235.278200; 
2023.10.20_16:33:50:845; 9.200600; 7.207300; 235.475900; 
2023.10.20_16:33:50:945; 9.151400; 7.138900; 235.410000; 
2023.10.20_16:33:51:045; 8.902500; 7.144400; 235.388000; 
2023.10.20_16:33:51:145; 9.282600; 7.622900; 231.542600; 
2023.10.20_16:33:51:245; 9.126700; 7.899000; 231.762300; 
2023.10.20_16:33:51:345; 9.222500; 7.540900; 231.828200; 
2023.10.20_16:33:51:445; 9.515000; 7.726800; 231.872200; 
2023.10.20_16:33:51:545; 9.370100; 7.595500; 235.102400; 
2023.10.20_16:33:51:645; 9.840400; 7.483400; 235.937400; 
2023.10.20_16:33:51:745; 9.793900; 7.354900; 236.025300; 
2023.10.20_16:33:51:845; 9.709200; 7.568200; 236.069200; 
2023.10.20_16:33:51:945; 9.837700; 7.828000; 236.047200; 
2023.10.20_16:33:52:045; 10.097400; 7.437000; 235.783600; 
2023.10.20_16:33:52:145; 10.313400; 7.718600; 235.805500; 
2023.10.20_16:33:52:245; 10.050900; 7.622900; 235.805500; 
2023.10.20_16:33:52:345; 10.660700; 7.450600; 235.783600; 
2023.10.20_16:33:52:445; 10.529400; 7.450600; 237.014100; 
2023.10.20_16:33:52:545; 10.655200; 7.442400; 237.124000; 
2023.10.20_16:33:52:645; 10.581400; 7.617400; 237.167900; 
2023.10.20_16:33:52:745; 10.452900; 7.226400; 237.145900; 
2023.10.20_16:33:52:845; 10.349000; 7.193600; 237.761200; 
2023.10.20_16:33:52:945; 10.573200; 7.346700; 237.805200; 
2023.10.20_16:33:53:045; 10.368100; 7.349500; 237.805200; 
2023.10.20_16:33:53:145; 10.291600; 7.516200; 237.805200; 
2023.10.20_16:33:53:245; 10.256000; 6.991300; 236.948200; 
2023.10.20_16:33:53:345; 10.365400; 7.004900; 237.014100; 
2023.10.20_16:33:53:445; 10.346200; 6.950200; 237.036100; 
2023.10.20_16:33:53:545; 10.485700; 6.884600; 237.036100; 
2023.10.20_16:33:53:645; 10.466600; 6.608500; 237.058000; 
2023.10.20_16:33:53:745; 10.592300; 6.682300; 237.058000; 
2023.10.20_16:33:53:845; 10.912300; 6.788900; 237.058000; 
2023.10.20_16:33:53:945; 10.791900; 6.753400; 237.036100; 
2023.10.20_16:33:54:045; 10.720800; 7.024100; 238.552300; 
2023.10.20_16:33:54:145; 10.606000; 7.229100; 239.716900; 
2023.10.20_16:33:54:245; 10.707200; 6.860000; 239.782800; 
2023.10.20_16:33:54:345; 10.775500; 6.972100; 239.782800; 
2023.10.20_16:33:54:445; 10.898600; 7.231900; 239.563100; 
2023.10.20_16:33:54:545; 10.589600; 7.169000; 238.991800; 
2023.10.20_16:33:54:645; 11.065400; 7.385000; 239.013700; 
2023.10.20_16:33:54:745; 10.551300; 7.026800; 238.991800; 
2023.10.20_16:33:54:845; 10.513000; 7.286600; 238.991800; 
2023.10.20_16:33:54:945; 10.269700; 7.363100; 243.540400; 
2023.10.20_16:33:55:045; 9.958000; 7.371300; 243.562300; 
2023.10.20_16:33:55:145; 10.048200; 7.283800; 243.540400; 
2023.10.20_16:33:55:245; 9.927900; 7.491600; 243.518400; 
2023.10.20_16:33:55:345; 10.154800; 7.450600; 241.255100; 
2023.10.20_16:33:55:445; 9.999000; 7.398700; 241.343000; 
2023.10.20_16:33:55:545; 10.165800; 7.357700; 241.343000; 
2023.10.20_16:33:55:645; 10.157600; 7.305700; 241.299000; 
2023.10.20_16:33:55:745; 10.023600; 7.147100; 242.024200; 
2023.10.20_16:33:55:845; 10.693500; 7.188100; 242.024200; 
2023.10.20_16:33:55:945; 10.190400; 6.723300; 242.046100; 
2023.10.20_16:33:56:045; 9.892400; 6.799900; 242.046100; 
2023.10.20_16:33:56:145; 9.933400; 6.887400; 240.991400; 
2023.10.20_16:33:56:245; 9.651700; 6.925600; 238.903900; 
2023.10.20_16:33:56:345; 9.802100; 7.078800; 238.816000; 
2023.10.20_16:33:56:445; 9.703700; 7.021300; 238.837900; 
2023.10.20_16:33:56:545; 9.714600; 6.963900; 238.816000; 
2023.10.20_16:33:56:645; 9.364600; 7.081500; 238.772000; 
2023.10.20_16:33:56:745; 9.285300; 7.456100; 238.772000; 
2023.10.20_16:33:56:845; 9.747400; 7.718600; 238.750000; 
2023.10.20_16:33:56:945; 9.583400; 7.658400; 238.222700; 
2023.10.20_16:33:57:045; 9.337300; 7.661200; 235.629700; 
2023.10.20_16:33:57:145; 9.348200; 7.625600; 235.563800; 
2023.10.20_16:33:57:245; 9.137700; 7.598300; 235.519900; 
2023.10.20_16:33:57:345; 9.402900; 7.592800; 235.541800; 
2023.10.20_16:33:57:445; 9.378300; 7.866200; 234.970500; 
2023.10.20_16:33:57:545; 9.178700; 7.642000; 235.014500; 
2023.10.20_16:33:57:645; 9.512300; 7.940100; 235.036400; 
2023.10.20_16:33:57:745; 9.498600; 8.303700; 235.036400; 
2023.10.20_16:33:57:845; 9.867700; 7.959200; 237.717300; 
2023.10.20_16:33:57:945; 9.542400; 8.347500; 238.332500; 
2023.10.20_16:33:58:045; 9.673600; 8.197100; 238.530300; 
2023.10.20_16:33:58:145; 9.772000; 8.197100; 238.508300; 
2023.10.20_16:33:58:245; 9.602500; 8.350200; 237.783200; 
2023.10.20_16:33:58:345; 9.561500; 8.443200; 233.322500; 
2023.10.20_16:33:58:445; 9.613500; 8.626400; 233.498300; 
2023.10.20_16:33:58:545; 9.567000; 8.544300; 233.564200; 
2023.10.20_16:33:58:645; 9.536900; 8.651000; 233.783900; 
2023.10.20_16:33:58:745; 9.837700; 8.421300; 236.047200; 
2023.10.20_16:33:58:845; 9.955200; 8.692000; 235.959400; 
2023.10.20_16:33:58:945; 10.247800; 8.776800; 235.893400; 
2023.10.20_16:33:59:045; 10.269700; 8.806800; 235.893400; 
2023.10.20_16:33:59:145; 10.414600; 8.670100; 236.135100; 
2023.10.20_16:33:59:245; 10.647000; 8.976400; 236.113200; 
2023.10.20_16:33:59:345; 10.556800; 8.741200; 236.113200; 
2023.10.20_16:33:59:445; 10.504800; 8.623600; 236.113200; 
2023.10.20_16:33:59:545; 10.447400; 8.295500; 236.091200; 
2023.10.20_16:33:59:645; 10.474800; 8.372100; 236.091200; 
2023.10.20_16:33:59:745; 10.441900; 8.415800; 236.113200; 
2023.10.20_16:33:59:845; 10.250500; 8.421300; 236.069200; 
2023.10.20_16:33:59:945; 10.168500; 8.355700; 234.662900; 
2023.10.20_16:34:00:045; 10.318900; 8.186100; 234.860600; 
2023.10.20_16:34:00:145; 10.488400; 8.314700; 234.816700; 
2023.10.20_16:34:00:245; 10.504800; 8.038500; 234.816700; 
2023.10.20_16:34:00:345; 10.256000; 8.229900; 234.882600; 
2023.10.20_16:34:00:445; 10.223200; 7.888100; 235.168300; 
2023.10.20_16:34:00:545; 10.359900; 7.978300; 235.146300; 
2023.10.20_16:34:00:645; 10.447400; 8.246300; 235.190300; 
2023.10.20_16:34:00:745; 10.480200; 7.784200; 234.794700; 
2023.10.20_16:34:00:845; 10.269700; 7.877200; 233.915800; 
2023.10.20_16:34:00:945; 10.168500; 7.745900; 233.937700; 
2023.10.20_16:34:01:045; 10.286100; 7.524400; 233.915800; 
2023.10.20_16:34:01:145; 10.403700; 7.729500; 233.937700; 
2023.10.20_16:34:01:245; 10.343500; 7.890800; 236.047200; 
2023.10.20_16:34:01:345; 10.431000; 8.153300; 236.310900; 
2023.10.20_16:34:01:445; 10.466600; 7.765100; 236.245000; 
2023.10.20_16:34:01:545; 10.215000; 7.961900; 236.223000; 
2023.10.20_16:34:01:645; 10.373600; 7.729500; 234.267300; 
2023.10.20_16:34:01:745; 10.272400; 7.863500; 234.201400; 
2023.10.20_16:34:01:845; 10.242300; 7.765100; 234.157500; 
2023.10.20_16:34:01:945; 10.986100; 7.516200; 234.179500; 
2023.10.20_16:34:02:045; 10.671600; 7.581900; 234.377200; 
2023.10.20_16:34:02:145; 10.537600; 7.653000; 234.355200; 
2023.10.20_16:34:02:245; 10.696200; 7.281100; 234.355200; 
2023.10.20_16:34:02:345; 10.904000; 7.513500; 234.355200; 
2023.10.20_16:34:02:445; 10.838400; 7.538100; 233.827900; 
2023.10.20_16:34:02:545; 10.783700; 7.417800; 233.871800; 
2023.10.20_16:34:02:645; 10.759100; 7.360400; 233.849800; 
2023.10.20_16:34:02:745; 11.068100; 7.483400; 233.893800; 
2023.10.20_16:34:02:845; 10.849400; 7.592800; 234.245400; 
2023.10.20_16:34:02:945; 10.819300; 7.245500; 234.750800; 
2023.10.20_16:34:03:045; 10.786500; 7.365900; 234.750800; 
2023.10.20_16:34:03:145; 10.928700; 7.576400; 234.750800; 
2023.10.20_16:34:03:245; 10.909500; 7.458800; 234.750800; 
2023.10.20_16:34:03:345; 10.764600; 7.508000; 235.563800; 
2023.10.20_16:34:03:445; 10.950500; 7.406900; 235.585800; 
2023.10.20_16:34:03:545; 11.234900; 7.611900; 235.585800; 
2023.10.20_16:34:03:645; 11.095400; 7.475200; 235.585800; 
2023.10.20_16:34:03:745; 10.964200; 7.464300; 236.640500; 
2023.10.20_16:34:03:845; 11.046200; 7.756900; 236.596600; 
2023.10.20_16:34:03:945; 10.923200; 7.694000; 236.596600; 
2023.10.20_16:34:04:045; 10.904000; 7.778700; 236.574600; 
2023.10.20_16:34:04:145; 10.988800; 7.860800; 237.145900; 
2023.10.20_16:34:04:245; 10.868500; 8.022100; 237.124000; 
2023.10.20_16:34:04:345; 10.759100; 7.866200; 237.167900; 
2023.10.20_16:34:04:445; 10.915000; 8.065800; 237.189900; 
2023.10.20_16:34:04:545; 10.876700; 7.590100; 236.157100; 
2023.10.20_16:34:04:645; 10.969700; 7.899000; 236.003300; 
2023.10.20_16:34:04:745; 10.980600; 8.191600; 235.959400; 
2023.10.20_16:34:04:845; 10.860300; 8.117800; 235.915400; 
2023.10.20_16:34:04:945; 10.947800; 8.301000; 236.376900; 
2023.10.20_16:34:05:045; 10.895800; 8.260000; 238.574200; 
2023.10.20_16:34:05:145; 10.797400; 8.484200; 238.486400; 
2023.10.20_16:34:05:245; 10.759100; 8.735700; 238.486400; 
2023.10.20_16:34:05:345; 10.882200; 8.946300; 238.332500; 
2023.10.20_16:34:05:445; 11.169300; 9.080300; 237.058000; 
2023.10.20_16:34:05:545; 11.122800; 8.938100; 237.102000; 
2023.10.20_16:34:05:645; 11.068100; 8.867000; 237.124000; 
2023.10.20_16:34:05:745; 10.986100; 8.927100; 237.124000; 
2023.10.20_16:34:05:845; 10.958700; 8.612700; 236.596600; 
2023.10.20_16:34:05:945; 10.816500; 8.817800; 236.574600; 
2023.10.20_16:34:06:045; 10.589600; 8.801400; 236.530700; 
2023.10.20_16:34:06:145; 10.660700; 8.913500; 236.530700; 
2023.10.20_16:34:06:245; 11.385300; 8.877900; 237.739200; 
2023.10.20_16:34:06:345; 10.887600; 9.121300; 237.585400; 
2023.10.20_16:34:06:445; 11.002500; 9.020100; 237.541500; 
2023.10.20_16:34:06:545; 11.174700; 9.487700; 237.585400; 
2023.10.20_16:34:06:645; 10.980600; 9.386500; 237.915000; 
2023.10.20_16:34:06:745; 10.781000; 9.400200; 238.178700; 
2023.10.20_16:34:06:845; 10.545900; 9.826700; 238.200700; 
2023.10.20_16:34:06:945; 10.800100; 9.695500; 238.178700; 
2023.10.20_16:34:07:045; 10.857600; 9.826700; 238.156800; 
2023.10.20_16:34:07:145; 10.863000; 10.037300; 238.266600; 
2023.10.20_16:34:07:245; 10.912300; 10.116600; 238.266600; 
2023.10.20_16:34:07:345; 10.833000; 9.993500; 238.244600; 
2023.10.20_16:34:07:445; 10.797400; 9.591600; 238.178700; 
2023.10.20_16:34:07:545; 10.767300; 9.914200; 236.047200; 
2023.10.20_16:34:07:645; 10.688000; 9.824000; 236.091200; 
2023.10.20_16:34:07:745; 10.854800; 9.714600; 236.113200; 
2023.10.20_16:34:07:845; 10.969700; 9.854100; 236.113200; 
2023.10.20_16:34:07:945; 11.002500; 9.996300; 234.904600; 
2023.10.20_16:34:08:045; 11.128300; 9.717400; 234.816700; 
2023.10.20_16:34:08:145; 11.256800; 10.187700; 234.794700; 
2023.10.20_16:34:08:245; 11.226700; 9.804900; 234.794700; 
2023.10.20_16:34:08:345; 11.095400; 9.802100; 235.322100; 
2023.10.20_16:34:08:445; 11.352500; 9.851300; 235.366000; 
2023.10.20_16:34:08:545; 11.114600; 9.895100; 235.388000; 
2023.10.20_16:34:08:645; 11.437200; 9.832200; 235.366000; 
