TimeStamp_UTC; WT1_NacelleDirection[deg]; WT1_isConnected[-]; WT2_NacelleDirection[deg]; WT2_isConnected[-]; WT3_NacelleDirection[deg]; WT3_isConnected[-]; mm_temperature[°C]; mm_humidity[%]; mm_pressure[Pa]; avg_TI[-]; avg_ws_110m[m/s]; avg_ws_60m[m/s]; avg_shearExp[-]; avg_wd_110m[deg]; 
2023.10.18_09:36:03:584; 226.200000; 1; 225.680700; 1; 225.680700; 1; 8.029100; 91.250800; 1003.348800; 0.000000; 0.000000; 0.000000; 0.000000; 0.000000; 
2023.10.18_09:36:04:584; 226.200000; 1; 225.680700; 1; 225.680700; 1; 8.043200; 91.256300; 1003.450700; 0.000000; 0.000000; 0.000000; 0.000000; 0.000000; 
2023.10.18_09:36:05:584; 226.200000; 1; 225.680700; 1; 225.680700; 1; 8.038100; 91.276400; 1003.156900; 0.000000; 0.000000; 0.000000; 0.000000; 0.000000; 
2023.10.18_09:36:06:584; 226.200000; 1; 225.680700; 1; 225.680700; 1; 8.037700; 91.302700; 1003.254300; 5.430612; 0.374407; 0.318490; 0.266857; 244.485250; 
2023.10.18_09:36:07:584; 226.200000; 1; 225.680700; 1; 225.680700; 1; 8.055900; 91.277300; 1003.471200; 2.018515; 2.379777; 1.848000; 0.417238; 244.318631; 
2023.10.18_09:36:08:584; 226.200000; 1; 225.680700; 1; 225.680700; 1; 8.052000; 91.265100; 1003.471200; 1.326192; 4.357848; 3.213178; 0.502722; 244.398378; 
2023.10.18_09:36:09:584; 226.200000; 1; 225.680700; 1; 225.680700; 1; 8.055800; 91.225700; 1003.547300; 0.944037; 6.379350; 4.648997; 0.522020; 245.171893; 
2023.10.18_09:36:10:584; 226.200000; 1; 225.680700; 1; 225.680700; 1; 8.063800; 91.196600; 1003.522400; 0.660844; 8.353505; 6.038738; 0.535336; 245.274197; 
2023.10.18_09:36:11:584; 226.200000; 1; 225.677900; 1; 225.677900; 1; 8.052900; 91.177200; 1003.350300; 0.396362; 10.310662; 7.604432; 0.502276; 245.461828; 
2023.10.18_09:36:12:584; 226.200000; 1; 225.677900; 1; 225.677900; 1; 8.058800; 91.159600; 1003.598600; 0.025948; 12.003057; 8.993592; 0.476212; 245.314105; 
2023.10.18_09:36:13:584; 226.200000; 1; 225.677900; 1; 225.677900; 1; 8.058600; 91.116900; 1003.555400; 0.030188; 12.096342; 9.238448; 0.444668; 245.143581; 
2023.10.18_09:36:14:584; 226.200000; 1; 225.675100; 1; 225.675100; 1; 8.059700; 91.086900; 1003.470400; 0.032116; 12.216378; 9.661308; 0.387122; 244.612364; 
2023.10.18_09:36:15:584; 226.200000; 1; 225.675100; 1; 225.675100; 1; 8.060100; 91.052700; 1003.378100; 0.032814; 12.246642; 10.059875; 0.324510; 243.875608; 
2023.10.18_09:36:16:584; 226.200000; 1; 225.675100; 1; 225.675100; 1; 8.062300; 91.079900; 1003.493900; 0.031787; 12.277308; 10.502558; 0.257589; 242.629862; 
2023.10.18_09:36:17:584; 226.200000; 1; 225.680700; 1; 225.680700; 1; 8.065300; 91.153900; 1003.296100; 0.027395; 12.326020; 10.783143; 0.220624; 240.841407; 
2023.10.18_09:36:18:584; 226.200000; 1; 225.680700; 1; 225.680700; 1; 8.063400; 91.198200; 1003.352500; 0.028342; 12.270787; 11.047415; 0.173270; 239.560093; 
2023.10.18_09:36:19:584; 226.200000; 1; 225.680700; 1; 225.680700; 1; 8.068400; 91.213800; 1003.472600; 0.026696; 12.185338; 11.223275; 0.135685; 238.854120; 
2023.10.18_09:36:20:584; 226.200000; 1; 225.680700; 1; 225.680700; 1; 8.075200; 91.189500; 1003.490900; 0.022278; 12.087220; 11.239680; 0.119937; 238.430818; 
2023.10.18_09:36:21:584; 226.200000; 1; 225.680700; 1; 225.680700; 1; 8.071500; 91.147200; 1003.489500; 0.024867; 11.965082; 11.007490; 0.137620; 237.526975; 
2023.10.18_09:36:22:584; 226.200000; 1; 225.680700; 1; 225.680700; 1; 8.084500; 91.097000; 1003.538500; 0.033484; 11.833333; 11.019795; 0.117510; 237.328039; 
2023.10.18_09:36:23:584; 226.200000; 1; 225.680700; 1; 225.680700; 1; 8.077200; 91.071400; 1003.326900; 0.053947; 11.581690; 11.118775; 0.067296; 237.935364; 
2023.10.18_09:36:24:584; 226.200000; 1; 225.680700; 1; 225.680700; 1; 8.076800; 91.092100; 1003.438900; 0.059516; 11.576858; 11.073155; 0.073390; 239.072940; 
2023.10.18_09:36:25:584; 226.200000; 1; 225.680700; 1; 225.680700; 1; 8.072300; 91.075300; 1003.403000; 0.069693; 11.695710; 11.088925; 0.087893; 239.159067; 
2023.10.18_09:36:26:584; 226.200000; 1; 225.677900; 1; 225.677900; 1; 8.075700; 91.049600; 1003.579600; 0.072462; 11.748983; 11.142470; 0.087444; 239.536263; 
2023.10.18_09:36:27:584; 226.200000; 1; 225.677900; 1; 225.677900; 1; 8.077300; 91.017400; 1003.487300; 0.072014; 11.827643; 11.168997; 0.094529; 239.465779; 
2023.10.18_09:36:28:584; 226.200000; 1; 225.677900; 1; 225.677900; 1; 8.081300; 90.992100; 1003.536300; 0.069460; 11.863918; 10.909328; 0.138391; 240.198007; 
2023.10.18_09:36:29:584; 226.200000; 1; 225.683600; 1; 225.683600; 1; 8.064700; 90.958900; 1003.397200; 0.046649; 12.076967; 10.590785; 0.216644; 240.564618; 
2023.10.18_09:36:30:584; 226.200000; 1; 225.683600; 1; 225.683600; 1; 8.067000; 90.948500; 1003.465300; 0.040725; 12.120123; 10.418342; 0.249613; 239.888583; 
2023.10.18_09:36:31:584; 226.200000; 1; 225.683600; 1; 225.683600; 1; 8.066300; 90.964400; 1003.514400; 0.033876; 12.044020; 10.167330; 0.279457; 239.774124; 
2023.10.18_09:36:32:584; 226.200000; 1; 225.683600; 1; 225.683600; 1; 8.070900; 90.946300; 1003.530500; 0.031471; 12.013217; 10.044198; 0.295334; 239.290253; 
2023.10.18_09:36:33:584; 226.200000; 1; 225.683600; 1; 225.683600; 1; 8.066800; 90.937400; 1003.476300; 0.039321; 12.131248; 10.148007; 0.294501; 239.772415; 
2023.10.18_09:36:34:584; 226.200000; 1; 225.683600; 1; 225.683600; 1; 8.066800; 90.984700; 1003.467500; 0.035544; 12.186710; 10.214542; 0.291244; 239.479419; 
2023.10.18_09:36:35:584; 226.200000; 1; 225.677900; 1; 225.677900; 1; 8.058400; 91.041400; 1003.302700; 0.046195; 12.088047; 10.092455; 0.297671; 239.525119; 
2023.10.18_09:36:36:584; 226.200000; 1; 225.677900; 1; 225.677900; 1; 8.074100; 91.072200; 1003.488000; 0.057988; 11.854263; 10.012570; 0.278562; 239.570872; 
2023.10.18_09:36:37:584; 226.200000; 1; 225.677900; 1; 225.677900; 1; 8.065200; 91.078800; 1003.339300; 0.072754; 11.526920; 10.004553; 0.233685; 239.607139; 
2023.10.18_09:36:38:584; 226.200000; 1; 225.680700; 1; 225.680700; 1; 8.074700; 91.076500; 1003.414000; 0.075836; 11.263240; 9.987008; 0.198403; 239.742041; 
2023.10.18_09:36:39:584; 226.200000; 1; 225.680700; 1; 225.680700; 1; 8.072300; 91.076500; 1003.472600; 0.055158; 10.858788; 9.989517; 0.137656; 239.700644; 
2023.10.18_09:36:40:584; 226.200000; 1; 225.680700; 1; 225.680700; 1; 8.074800; 91.093700; 1003.467500; 0.039140; 10.725127; 9.978627; 0.119023; 239.644226; 
2023.10.18_09:36:41:584; 226.200000; 1; 225.680700; 1; 225.680700; 1; 8.081400; 91.083000; 1003.501200; 0.035969; 10.687755; 10.087085; 0.095429; 239.179914; 
2023.10.18_09:36:42:584; 226.200000; 1; 225.680700; 1; 225.680700; 1; 8.073900; 91.093600; 1003.502700; 0.038369; 10.644647; 10.024563; 0.099019; 238.995391; 
2023.10.18_09:36:43:584; 226.200000; 1; 225.680700; 1; 225.680700; 1; 8.071000; 91.097600; 1003.495300; 0.038336; 10.645013; 9.919928; 0.116386; 238.664309; 
2023.10.18_09:36:44:584; 226.200000; 1; 225.680700; 1; 225.680700; 1; 8.087000; 91.073400; 1003.458000; 0.038539; 10.672725; 9.820123; 0.137358; 238.025064; 
2023.10.18_09:36:45:584; 226.200000; 1; 225.680700; 1; 225.680700; 1; 8.076100; 91.059100; 1003.512900; 0.036512; 10.651673; 9.683135; 0.157277; 237.132204; 
2023.10.18_09:36:46:584; 226.200000; 1; 225.680700; 1; 225.680700; 1; 8.077800; 91.059100; 1003.448500; 0.051593; 10.411830; 9.733172; 0.111201; 236.474956; 
2023.10.18_09:36:47:584; 226.200000; 1; 225.680700; 1; 225.680700; 1; 8.077800; 91.047900; 1003.497500; 0.072887; 10.046212; 9.838532; 0.034463; 235.444078; 
2023.10.18_09:36:48:584; 226.200000; 1; 225.680700; 1; 225.680700; 1; 8.080000; 91.032300; 1003.471900; 0.071117; 9.846787; 9.808998; 0.006343; 234.450294; 
2023.10.18_09:36:49:584; 226.200000; 1; 225.680700; 1; 225.680700; 1; 8.083100; 91.048500; 1003.295400; 0.067332; 9.752863; 9.712708; 0.006807; 233.948627; 
2023.10.18_09:36:50:584; 226.200000; 1; 225.680700; 1; 225.680700; 1; 8.088500; 91.088100; 1003.474100; 0.050622; 9.552662; 9.645222; -0.015909; 232.812051; 
2023.10.18_09:36:51:584; 226.200000; 1; 225.680700; 1; 225.680700; 1; 8.086100; 91.079000; 1003.442600; 0.040985; 9.428750; 9.634562; -0.035624; 232.066203; 
2023.10.18_09:36:52:584; 226.200000; 1; 225.680700; 1; 225.680700; 1; 8.081900; 91.074700; 1003.378100; 0.039977; 9.383180; 9.448675; -0.011476; 231.067193; 
2023.10.18_09:36:53:584; 226.200000; 1; 225.677900; 1; 225.677900; 1; 8.085300; 91.055500; 1003.510000; 0.033105; 9.435175; 9.193705; 0.042772; 230.273709; 
2023.10.18_09:36:54:584; 226.200000; 1; 225.677900; 1; 225.677900; 1; 8.093900; 91.011900; 1003.473400; 0.038065; 9.341252; 9.095405; 0.044002; 229.608753; 
2023.10.18_09:36:55:584; 226.200000; 1; 225.677900; 1; 225.677900; 1; 8.085900; 90.973700; 1003.472600; 0.045310; 9.122145; 8.991680; 0.023766; 229.312175; 
2023.10.18_09:36:56:584; 226.200000; 1; 225.680700; 1; 225.680700; 1; 8.088400; 90.964200; 1003.350300; 0.041554; 9.015782; 8.994683; 0.003865; 229.734428; 
2023.10.18_09:36:57:584; 226.200000; 1; 225.680700; 1; 225.680700; 1; 8.093500; 91.003800; 1003.432300; 0.035292; 8.919350; 8.932840; -0.002493; 230.064225; 
2023.10.18_09:36:58:584; 226.200000; 1; 225.680700; 1; 225.680700; 1; 8.092300; 91.018400; 1003.269000; 0.032369; 8.804050; 8.792478; 0.002170; 230.952526; 
2023.10.18_09:36:59:584; 226.200000; 1; 225.680700; 1; 225.680700; 1; 8.092400; 91.093300; 1003.222100; 0.027538; 8.743217; 8.727448; 0.002978; 231.823618; 
2023.10.18_09:37:00:584; 226.200000; 1; 225.680700; 1; 225.680700; 1; 8.097400; 91.094500; 1003.474800; 0.029144; 8.683428; 8.794305; -0.020932; 232.937194; 
2023.10.18_09:37:01:584; 226.200000; 1; 225.680700; 1; 225.680700; 1; 8.094100; 91.048400; 1003.482100; 0.029517; 8.668885; 8.996372; -0.061176; 233.443180; 
2023.10.18_09:37:02:584; 226.200000; 1; 225.680700; 1; 225.680700; 1; 8.096400; 90.989900; 1003.423500; 0.028649; 8.645915; 9.153913; -0.094194; 232.808475; 
