TimeStamp_UTC; mm_ws_110m[m/s]; mm_ws_60m[m/s]; mm_wd_110m[deg]; 
2023.10.20_16:29:08:745; 9.695500; 9.665400; 238.684100; 
2023.10.20_16:29:08:845; 10.321600; 9.523200; 237.409600; 
2023.10.20_16:29:08:945; 9.845900; 9.413900; 236.926200; 
2023.10.20_16:29:09:045; 9.856800; 9.515000; 236.970200; 
2023.10.20_16:29:09:145; 9.958000; 9.176000; 236.948200; 
2023.10.20_16:29:09:245; 10.138400; 9.588800; 236.904200; 
2023.10.20_16:29:09:345; 10.395500; 9.616200; 236.508700; 
2023.10.20_16:29:09:445; 10.089200; 9.577900; 236.508700; 
2023.10.20_16:29:09:545; 9.744700; 9.796700; 236.508700; 
2023.10.20_16:29:09:645; 9.859500; 9.761100; 236.530700; 
2023.10.20_16:29:09:745; 9.670900; 9.944300; 233.893800; 
2023.10.20_16:29:09:845; 9.722800; 9.999000; 233.586200; 
2023.10.20_16:29:09:945; 9.550600; 10.034500; 233.608100; 
2023.10.20_16:29:10:045; 9.556000; 10.343500; 233.630100; 
2023.10.20_16:29:10:145; 9.331800; 10.390000; 234.970500; 
2023.10.20_16:29:10:245; 9.515000; 10.277900; 234.816700; 
2023.10.20_16:29:10:345; 9.547800; 10.381800; 234.816700; 
2023.10.20_16:29:10:445; 9.580600; 10.400900; 234.772800; 
2023.10.20_16:29:10:545; 9.851300; 10.059100; 235.497900; 
2023.10.20_16:29:10:645; 9.804900; 9.990800; 235.915400; 
2023.10.20_16:29:10:745; 9.990800; 9.977100; 235.937400; 
2023.10.20_16:29:10:845; 9.974400; 9.977100; 235.937400; 
2023.10.20_16:29:10:945; 10.217700; 9.758400; 236.530700; 
2023.10.20_16:29:11:045; 9.960700; 9.290800; 237.211900; 
2023.10.20_16:29:11:145; 10.108400; 9.526000; 237.233800; 
2023.10.20_16:29:11:245; 10.272400; 9.195100; 237.233800; 
2023.10.20_16:29:11:345; 10.299800; 9.509600; 237.167900; 
2023.10.20_16:29:11:445; 10.220500; 9.173200; 235.981300; 
2023.10.20_16:29:11:545; 10.097400; 8.883400; 236.047200; 
2023.10.20_16:29:11:645; 9.996300; 8.826000; 236.091200; 
2023.10.20_16:29:11:745; 10.102900; 8.730300; 236.069200; 
2023.10.20_16:29:11:845; 9.832200; 8.888900; 237.827100; 
2023.10.20_16:29:11:945; 9.780200; 8.746700; 237.827100; 
2023.10.20_16:29:12:045; 9.927900; 8.916200; 237.827100; 
2023.10.20_16:29:12:145; 10.009900; 8.787700; 237.827100; 
2023.10.20_16:29:12:245; 9.815800; 8.834200; 236.420800; 
2023.10.20_16:29:12:345; 10.124800; 8.823200; 236.376900; 
2023.10.20_16:29:12:445; 9.821300; 9.011900; 236.332900; 
2023.10.20_16:29:12:545; 10.089200; 9.411100; 236.354900; 
2023.10.20_16:29:12:645; 10.007200; 9.258000; 233.696000; 
2023.10.20_16:29:12:745; 10.086500; 9.430300; 233.915800; 
2023.10.20_16:29:12:845; 10.034500; 9.263500; 233.871800; 
2023.10.20_16:29:12:945; 10.075600; 9.763800; 233.871800; 
2023.10.20_16:29:13:045; 10.658000; 9.501300; 234.970500; 
2023.10.20_16:29:13:145; 10.655200; 9.318200; 239.123600; 
2023.10.20_16:29:13:245; 10.488400; 9.673600; 239.013700; 
2023.10.20_16:29:13:345; 10.570500; 9.309900; 238.991800; 
2023.10.20_16:29:13:445; 10.499400; 9.334600; 238.947800; 
2023.10.20_16:29:13:545; 10.231400; 9.441200; 235.036400; 
2023.10.20_16:29:13:645; 10.510300; 9.638100; 235.300100; 
2023.10.20_16:29:13:745; 10.688000; 9.460300; 235.256200; 
2023.10.20_16:29:13:845; 10.729100; 9.443900; 235.234200; 
2023.10.20_16:29:13:945; 10.685300; 9.315400; 233.783900; 
2023.10.20_16:29:14:045; 10.977900; 9.815800; 233.696000; 
2023.10.20_16:29:14:145; 10.425500; 10.138400; 233.696000; 
2023.10.20_16:29:14:245; 10.100200; 10.379100; 233.674100; 
2023.10.20_16:29:14:345; 10.122000; 10.324400; 232.795100; 
2023.10.20_16:29:14:445; 10.518500; 9.815800; 232.883000; 
2023.10.20_16:29:14:545; 10.573200; 9.545100; 232.883000; 
2023.10.20_16:29:14:645; 10.802900; 9.266200; 232.926900; 
2023.10.20_16:29:14:745; 10.663400; 9.115800; 230.465900; 
2023.10.20_16:29:14:845; 10.876700; 8.899800; 230.619700; 
2023.10.20_16:29:14:945; 10.876700; 9.206000; 230.685600; 
2023.10.20_16:29:15:045; 11.007900; 9.197800; 230.685600; 
2023.10.20_16:29:15:145; 10.584100; 9.323600; 231.938100; 
2023.10.20_16:29:15:245; 10.562300; 9.167800; 232.004000; 
2023.10.20_16:29:15:345; 10.518500; 8.864300; 232.069900; 
2023.10.20_16:29:15:445; 10.616900; 8.883400; 232.048000; 
2023.10.20_16:29:15:545; 10.578700; 8.681100; 231.938100; 
2023.10.20_16:29:15:645; 10.677100; 8.757600; 231.169000; 
2023.10.20_16:29:15:745; 10.704400; 8.733000; 231.213000; 
2023.10.20_16:29:15:845; 10.745500; 8.806800; 231.213000; 
2023.10.20_16:29:15:945; 10.745500; 8.806800; 231.213000; 
2023.10.20_16:29:16:045; 10.663400; 9.353700; 231.828200; 
2023.10.20_16:29:16:145; 10.789200; 9.195100; 231.894200; 
2023.10.20_16:29:16:245; 10.731800; 9.268900; 231.916100; 
2023.10.20_16:29:16:345; 10.909500; 9.468500; 231.894200; 
2023.10.20_16:29:16:445; 10.824800; 9.498600; 231.872200; 
2023.10.20_16:29:16:545; 10.567700; 9.340000; 231.872200; 
2023.10.20_16:29:16:645; 10.411900; 9.411100; 231.872200; 
2023.10.20_16:29:16:745; 10.411900; 9.411100; 231.872200; 
2023.10.20_16:29:16:845; 10.472000; 9.933400; 234.223400; 
2023.10.20_16:29:16:945; 10.310700; 9.769300; 233.937700; 
2023.10.20_16:29:17:045; 10.212300; 9.547800; 233.915800; 
2023.10.20_16:29:17:145; 10.534900; 9.772000; 233.915800; 
2023.10.20_16:29:17:245; 10.420100; 9.744700; 234.575000; 
2023.10.20_16:29:17:345; 10.395500; 9.422100; 234.904600; 
2023.10.20_16:29:17:445; 10.398200; 9.471300; 234.992500; 
2023.10.20_16:29:17:545; 10.291600; 9.471300; 234.970500; 
2023.10.20_16:29:17:645; 10.335300; 9.299000; 236.179100; 
2023.10.20_16:29:17:745; 10.573200; 9.580600; 237.519500; 
2023.10.20_16:29:17:845; 10.734500; 9.375600; 237.563400; 
2023.10.20_16:29:17:945; 10.783700; 9.567000; 237.585400; 
2023.10.20_16:29:18:045; 10.857600; 9.135000; 237.058000; 
2023.10.20_16:29:18:145; 10.603300; 8.749400; 236.157100; 
2023.10.20_16:29:18:245; 10.581400; 9.099400; 236.201100; 
2023.10.20_16:29:18:345; 10.474800; 8.812300; 236.223000; 
2023.10.20_16:29:18:445; 10.737300; 9.137700; 236.201100; 
2023.10.20_16:29:18:545; 10.704400; 8.763100; 236.003300; 
2023.10.20_16:29:18:645; 10.329800; 8.899800; 235.959400; 
2023.10.20_16:29:18:745; 10.089200; 8.626400; 235.959400; 
2023.10.20_16:29:18:845; 10.414600; 8.768600; 236.003300; 
2023.10.20_16:29:18:945; 10.204100; 8.727500; 236.662500; 
2023.10.20_16:29:19:045; 10.614200; 8.839600; 236.552600; 
2023.10.20_16:29:19:145; 10.349000; 8.541600; 236.596600; 
2023.10.20_16:29:19:245; 10.179500; 8.661900; 236.596600; 
2023.10.20_16:29:19:345; 10.444700; 8.435000; 236.267000; 
2023.10.20_16:29:19:445; 11.029800; 8.640000; 235.651700; 
2023.10.20_16:29:19:545; 10.813800; 8.541600; 235.651700; 
2023.10.20_16:29:19:645; 10.904000; 8.946300; 235.651700; 
2023.10.20_16:29:19:745; 10.939600; 8.801400; 235.541800; 
2023.10.20_16:29:19:845; 11.215800; 9.118500; 235.190300; 
2023.10.20_16:29:19:945; 11.076300; 9.219700; 235.190300; 
2023.10.20_16:29:20:045; 10.950500; 9.556000; 235.168300; 
2023.10.20_16:29:20:145; 11.144700; 9.750200; 235.190300; 
2023.10.20_16:29:20:245; 10.805600; 10.086500; 234.355200; 
2023.10.20_16:29:20:345; 10.912300; 9.826700; 234.333300; 
2023.10.20_16:29:20:445; 11.040800; 9.922400; 234.311300; 
2023.10.20_16:29:20:545; 11.532900; 9.886900; 234.333300; 
2023.10.20_16:29:20:645; 11.172000; 10.215000; 230.663600; 
2023.10.20_16:29:20:745; 11.079000; 9.572400; 230.575700; 
2023.10.20_16:29:20:845; 11.204800; 9.690000; 230.685600; 
2023.10.20_16:29:20:945; 10.939600; 9.927900; 230.663600; 
2023.10.20_16:29:21:045; 11.218500; 9.832200; 233.827900; 
2023.10.20_16:29:21:145; 10.863000; 10.050900; 233.805900; 
2023.10.20_16:29:21:245; 10.764600; 9.796700; 233.761900; 
2023.10.20_16:29:21:345; 10.392700; 9.657200; 233.740000; 
2023.10.20_16:29:21:445; 10.592300; 10.217700; 231.059100; 
2023.10.20_16:29:21:545; 10.573200; 10.050900; 230.927300; 
2023.10.20_16:29:21:645; 11.070800; 10.133000; 230.795500; 
2023.10.20_16:29:21:745; 10.513000; 10.075600; 230.817400; 
2023.10.20_16:29:21:845; 10.403700; 10.102900; 230.575700; 
2023.10.20_16:29:21:945; 10.439200; 9.865000; 228.664000; 
2023.10.20_16:29:22:045; 10.559500; 9.761100; 228.729900; 
2023.10.20_16:29:22:145; 10.474800; 9.944300; 228.751900; 
2023.10.20_16:29:22:245; 10.477500; 9.714600; 228.795800; 
2023.10.20_16:29:22:345; 10.228700; 9.556000; 228.751900; 
2023.10.20_16:29:22:445; 10.160300; 9.558800; 228.773800; 
2023.10.20_16:29:22:545; 10.146600; 9.564200; 228.751900; 
2023.10.20_16:29:22:645; 10.297000; 9.312700; 228.751900; 
2023.10.20_16:29:22:745; 10.174000; 9.564200; 228.048700; 
2023.10.20_16:29:22:845; 10.195900; 9.386500; 227.960800; 
2023.10.20_16:29:22:945; 10.450200; 9.463100; 227.960800; 
2023.10.20_16:29:23:045; 10.682600; 9.684500; 227.960800; 
2023.10.20_16:29:23:145; 10.261500; 9.498600; 227.565300; 
2023.10.20_16:29:23:245; 10.409100; 9.460300; 227.565300; 
2023.10.20_16:29:23:345; 9.897800; 9.279900; 227.565300; 
2023.10.20_16:29:23:445; 10.086500; 9.356400; 227.565300; 
2023.10.20_16:29:23:545; 9.919700; 9.058400; 225.258000; 
2023.10.20_16:29:23:645; 9.936100; 9.211500; 225.060200; 
2023.10.20_16:29:23:745; 9.944300; 9.241600; 225.104200; 
2023.10.20_16:29:23:845; 10.020900; 9.534200; 225.170100; 
2023.10.20_16:29:23:945; 9.815800; 9.326400; 227.455400; 
2023.10.20_16:29:24:045; 9.558800; 9.575200; 228.246500; 
2023.10.20_16:29:24:145; 9.755600; 9.441200; 228.312400; 
2023.10.20_16:29:24:245; 10.031800; 9.394700; 228.334400; 
2023.10.20_16:29:24:345; 9.613500; 9.851300; 228.224500; 
2023.10.20_16:29:24:445; 9.815800; 9.536900; 226.334700; 
2023.10.20_16:29:24:545; 10.061900; 9.547800; 226.422600; 
2023.10.20_16:29:24:645; 10.053700; 9.717400; 226.444600; 
2023.10.20_16:29:24:745; 10.020900; 9.739200; 226.444600; 
2023.10.20_16:29:24:845; 10.417300; 9.662700; 230.773500; 
2023.10.20_16:29:24:945; 10.376300; 9.979900; 230.927300; 
2023.10.20_16:29:25:045; 10.316200; 10.012700; 230.971300; 
2023.10.20_16:29:25:145; 10.157600; 9.821300; 230.971300; 
2023.10.20_16:29:25:245; 10.518500; 10.061900; 231.344800; 
2023.10.20_16:29:25:345; 10.455600; 9.914200; 231.278900; 
2023.10.20_16:29:25:445; 10.690800; 9.870500; 231.278900; 
2023.10.20_16:29:25:545; 10.928700; 9.788500; 231.278900; 
2023.10.20_16:29:25:645; 10.912300; 9.668100; 229.894500; 
2023.10.20_16:29:25:745; 10.895800; 9.528700; 230.048300; 
2023.10.20_16:29:25:845; 10.726300; 9.618900; 230.026400; 
2023.10.20_16:29:25:945; 10.772800; 9.646300; 230.048300; 
2023.10.20_16:29:26:045; 11.098200; 9.487700; 229.938500; 
2023.10.20_16:29:26:145; 11.161100; 9.651700; 229.850600; 
2023.10.20_16:29:26:245; 10.947800; 9.476700; 229.850600; 
2023.10.20_16:29:26:345; 11.245800; 9.353700; 229.828600; 
2023.10.20_16:29:26:445; 11.399000; 9.528700; 230.004400; 
2023.10.20_16:29:26:545; 11.111900; 9.793900; 230.334000; 
2023.10.20_16:29:26:645; 11.314200; 9.392000; 230.312000; 
2023.10.20_16:29:26:745; 11.456400; 9.821300; 230.312000; 
2023.10.20_16:29:26:845; 11.270400; 9.263500; 230.312000; 
2023.10.20_16:29:26:945; 11.254000; 9.238900; 229.916500; 
2023.10.20_16:29:27:045; 11.122800; 9.178700; 229.894500; 
2023.10.20_16:29:27:145; 11.144700; 9.290800; 229.916500; 
2023.10.20_16:29:27:245; 10.898600; 9.553300; 229.894500; 
2023.10.20_16:29:27:345; 11.213000; 9.843100; 229.916500; 
2023.10.20_16:29:27:445; 10.936900; 9.640800; 229.916500; 
2023.10.20_16:29:27:545; 11.010700; 9.471300; 229.916500; 
2023.10.20_16:29:27:645; 11.005200; 9.605300; 229.938500; 
2023.10.20_16:29:27:745; 11.500100; 9.408400; 229.411100; 
2023.10.20_16:29:27:845; 11.306000; 9.681800; 229.389100; 
2023.10.20_16:29:27:945; 11.431800; 9.804900; 229.389100; 
2023.10.20_16:29:28:045; 11.275900; 9.553300; 229.367100; 
2023.10.20_16:29:28:145; 11.284100; 10.045500; 229.367100; 
2023.10.20_16:29:28:245; 11.245800; 9.914200; 229.235300; 
2023.10.20_16:29:28:345; 11.133700; 9.629900; 229.235300; 
2023.10.20_16:29:28:445; 10.961500; 9.517800; 229.213300; 
2023.10.20_16:29:28:545; 11.018900; 9.493100; 229.279300; 
2023.10.20_16:29:28:645; 10.715400; 9.331800; 229.367100; 
2023.10.20_16:29:28:745; 10.961500; 9.684500; 229.345200; 
2023.10.20_16:29:28:845; 10.964200; 9.717400; 229.389100; 
2023.10.20_16:29:28:945; 11.139200; 9.799400; 229.367100; 
2023.10.20_16:29:29:045; 11.232200; 10.108400; 229.652800; 
2023.10.20_16:29:29:145; 11.554800; 10.026300; 229.674800; 
2023.10.20_16:29:29:245; 11.374300; 10.411900; 229.696800; 
2023.10.20_16:29:29:345; 11.404400; 10.272400; 229.696800; 
2023.10.20_16:29:29:445; 11.710700; 10.802900; 230.443900; 
2023.10.20_16:29:29:545; 11.872000; 10.409100; 230.509800; 
2023.10.20_16:29:29:645; 11.598600; 10.015400; 230.487800; 
2023.10.20_16:29:29:745; 11.314200; 10.141200; 230.509800; 
2023.10.20_16:29:29:845; 11.117300; 9.840400; 230.993200; 
2023.10.20_16:29:29:945; 11.076300; 10.064600; 231.037200; 
2023.10.20_16:29:30:045; 11.021600; 9.613500; 231.037200; 
2023.10.20_16:29:30:145; 10.909500; 9.627100; 231.037200; 
2023.10.20_16:29:30:245; 10.827500; 9.826700; 232.355600; 
2023.10.20_16:29:30:345; 10.575900; 9.400200; 232.707200; 
2023.10.20_16:29:30:445; 10.586900; 9.676300; 232.751100; 
2023.10.20_16:29:30:545; 11.215800; 9.752900; 232.751100; 
2023.10.20_16:29:30:645; 10.786500; 9.829500; 232.707200; 
2023.10.20_16:29:30:745; 10.745500; 10.198600; 231.432700; 
2023.10.20_16:29:30:845; 10.682600; 10.704400; 231.410700; 
2023.10.20_16:29:30:945; 10.781000; 10.458400; 231.432700; 
2023.10.20_16:29:31:045; 10.529400; 10.111100; 231.432700; 
2023.10.20_16:29:31:145; 10.526700; 10.143900; 230.048300; 
2023.10.20_16:29:31:245; 10.748200; 10.638800; 229.938500; 
2023.10.20_16:29:31:345; 10.802900; 11.308700; 229.894500; 
2023.10.20_16:29:31:445; 10.652500; 11.155600; 229.894500; 
2023.10.20_16:29:31:545; 10.652500; 11.166500; 232.377600; 
2023.10.20_16:29:31:645; 10.619700; 11.120100; 232.465500; 
2023.10.20_16:29:31:745; 10.759100; 11.038000; 232.509400; 
2023.10.20_16:29:31:845; 10.668900; 10.813800; 232.509400; 
2023.10.20_16:29:31:945; 10.748200; 10.863000; 232.553400; 
2023.10.20_16:29:32:045; 10.677100; 10.833000; 232.575300; 
2023.10.20_16:29:32:145; 10.600500; 10.565000; 232.531400; 
2023.10.20_16:29:32:245; 10.532200; 10.865800; 232.531400; 
2023.10.20_16:29:32:345; 10.575900; 10.740000; 233.124700; 
2023.10.20_16:29:32:445; 10.507600; 10.770100; 233.080700; 
2023.10.20_16:29:32:545; 10.581400; 10.701700; 233.080700; 
2023.10.20_16:29:32:645; 10.616900; 10.742700; 233.080700; 
2023.10.20_16:29:32:745; 10.663400; 10.573200; 234.421200; 
2023.10.20_16:29:32:845; 10.614200; 10.781000; 235.519900; 
2023.10.20_16:29:32:945; 10.458400; 11.595800; 235.563800; 
2023.10.20_16:29:33:045; 10.578700; 11.229400; 235.585800; 
2023.10.20_16:29:33:145; 10.819300; 11.005200; 235.585800; 
2023.10.20_16:29:33:245; 10.884900; 11.172000; 235.849500; 
2023.10.20_16:29:33:345; 10.781000; 11.286800; 235.827500; 
2023.10.20_16:29:33:445; 10.863000; 10.931400; 235.827500; 
2023.10.20_16:29:33:545; 11.103700; 11.292300; 235.827500; 
2023.10.20_16:29:33:645; 10.813800; 10.619700; 234.553000; 
2023.10.20_16:29:33:745; 10.693500; 10.652500; 234.553000; 
2023.10.20_16:29:33:845; 10.565000; 10.696200; 234.575000; 
2023.10.20_16:29:33:945; 10.816500; 10.616900; 234.575000; 
2023.10.20_16:29:34:045; 10.767300; 10.731800; 235.783600; 
2023.10.20_16:29:34:145; 10.923200; 10.630600; 235.695700; 
2023.10.20_16:29:34:245; 10.950500; 10.398200; 235.717600; 
2023.10.20_16:29:34:345; 10.920500; 10.253300; 235.673700; 
2023.10.20_16:29:34:445; 10.934100; 10.526700; 234.750800; 
2023.10.20_16:29:34:545; 10.931400; 10.936900; 234.794700; 
2023.10.20_16:29:34:645; 10.863000; 10.761900; 234.728800; 
2023.10.20_16:29:34:745; 11.182900; 10.586900; 234.706800; 
2023.10.20_16:29:34:845; 10.835700; 10.392700; 234.618900; 
2023.10.20_16:29:34:945; 10.537600; 10.204100; 234.267300; 
2023.10.20_16:29:35:045; 10.532200; 10.586900; 234.289300; 
2023.10.20_16:29:35:145; 10.466600; 10.288800; 234.267300; 
2023.10.20_16:29:35:245; 10.392700; 10.225900; 233.718000; 
2023.10.20_16:29:35:345; 10.969700; 10.491200; 231.432700; 
2023.10.20_16:29:35:445; 11.005200; 10.431000; 231.256900; 
2023.10.20_16:29:35:545; 10.958700; 10.630600; 231.278900; 
2023.10.20_16:29:35:645; 10.961500; 10.707200; 231.300900; 
2023.10.20_16:29:35:745; 11.054400; 10.472000; 231.850200; 
2023.10.20_16:29:35:845; 11.147400; 10.936900; 231.872200; 
2023.10.20_16:29:35:945; 11.240400; 10.882200; 231.872200; 
2023.10.20_16:29:36:045; 10.931400; 10.731800; 231.850200; 
2023.10.20_16:29:36:145; 10.800100; 11.084500; 232.355600; 
2023.10.20_16:29:36:245; 10.559500; 10.928700; 232.333600; 
2023.10.20_16:29:36:345; 10.966900; 11.374300; 232.333600; 
2023.10.20_16:29:36:445; 10.756400; 11.035300; 232.333600; 
2023.10.20_16:29:36:545; 10.833000; 11.169300; 231.762300; 
2023.10.20_16:29:36:645; 10.824800; 11.292300; 231.652500; 
2023.10.20_16:29:36:745; 10.575900; 11.079000; 231.608500; 
2023.10.20_16:29:36:845; 10.340800; 10.868500; 231.586500; 
2023.10.20_16:29:36:945; 10.469300; 11.059900; 231.586500; 
2023.10.20_16:29:37:045; 10.690800; 11.199400; 231.894200; 
2023.10.20_16:29:37:145; 10.991500; 11.182900; 231.872200; 
2023.10.20_16:29:37:245; 10.477500; 11.032600; 231.850200; 
2023.10.20_16:29:37:345; 10.947800; 11.377100; 231.850200; 
2023.10.20_16:29:37:445; 11.081800; 11.125500; 231.740300; 
2023.10.20_16:29:37:545; 11.341500; 11.275900; 231.806300; 
2023.10.20_16:29:37:645; 11.538400; 11.172000; 231.828200; 
2023.10.20_16:29:37:745; 11.437200; 11.319700; 231.784300; 
2023.10.20_16:29:37:845; 11.502900; 11.281400; 232.267700; 
2023.10.20_16:29:37:945; 11.784500; 11.054400; 232.333600; 
2023.10.20_16:29:38:045; 12.008700; 10.690800; 232.333600; 
2023.10.20_16:29:38:145; 12.098900; 11.188400; 232.311700; 
2023.10.20_16:29:38:245; 11.811800; 10.849400; 236.047200; 
2023.10.20_16:29:38:345; 12.366900; 11.038000; 235.541800; 
2023.10.20_16:29:38:445; 12.364200; 10.800100; 235.607800; 
2023.10.20_16:29:38:545; 11.962200; 10.682600; 235.629700; 
2023.10.20_16:29:38:645; 12.531000; 10.863000; 231.278900; 
2023.10.20_16:29:38:745; 11.858300; 10.808300; 231.718400; 
2023.10.20_16:29:38:845; 11.584900; 11.147400; 231.784300; 
2023.10.20_16:29:38:945; 11.459100; 10.666200; 231.828200; 
2023.10.20_16:29:39:045; 11.571200; 10.636100; 235.014500; 
2023.10.20_16:29:39:145; 11.322400; 10.734500; 237.233800; 
2023.10.20_16:29:39:245; 11.125500; 10.668900; 237.365700; 
2023.10.20_16:29:39:345; 11.188400; 10.436500; 237.409600; 
2023.10.20_16:29:39:445; 11.057200; 10.507600; 237.365700; 
2023.10.20_16:29:39:545; 11.431800; 10.239600; 234.113500; 
2023.10.20_16:29:39:645; 11.251300; 9.906000; 234.157500; 
2023.10.20_16:29:39:745; 11.538400; 9.906000; 234.179500; 
2023.10.20_16:29:39:845; 11.732500; 10.627900; 234.157500; 
2023.10.20_16:29:39:945; 11.869300; 10.092000; 231.498600; 
2023.10.20_16:29:40:045; 11.710700; 9.668100; 231.366800; 
2023.10.20_16:29:40:145; 12.399700; 9.936100; 231.322800; 
2023.10.20_16:29:40:245; 11.921200; 9.908800; 231.344800; 
2023.10.20_16:29:40:345; 11.940300; 9.993500; 233.388400; 
2023.10.20_16:29:40:445; 12.273900; 9.900600; 233.454300; 
2023.10.20_16:29:40:545; 12.096200; 10.343500; 233.410400; 
2023.10.20_16:29:40:645; 12.047000; 9.949800; 233.432300; 
2023.10.20_16:29:40:745; 11.669700; 9.971600; 235.519900; 
2023.10.20_16:29:40:845; 12.027800; 10.018100; 237.036100; 
2023.10.20_16:29:40:945; 11.836400; 10.116600; 237.014100; 
2023.10.20_16:29:41:045; 11.636800; 9.985300; 237.036100; 
2023.10.20_16:29:41:145; 11.748900; 9.580600; 234.509100; 
2023.10.20_16:29:41:245; 11.576700; 10.023600; 234.640900; 
2023.10.20_16:29:41:345; 11.858300; 9.774800; 234.640900; 
2023.10.20_16:29:41:445; 11.885700; 9.657200; 234.618900; 
2023.10.20_16:29:41:545; 11.841900; 9.900600; 233.871800; 
2023.10.20_16:29:41:645; 11.699700; 9.621700; 232.663300; 
2023.10.20_16:29:41:745; 11.740700; 9.364600; 232.641300; 
2023.10.20_16:29:41:845; 11.647800; 9.517800; 232.641300; 
2023.10.20_16:29:41:945; 11.470000; 9.769300; 232.619300; 
2023.10.20_16:29:42:045; 11.467300; 9.608000; 231.762300; 
2023.10.20_16:29:42:145; 11.371600; 10.275200; 231.740300; 
2023.10.20_16:29:42:245; 11.193900; 9.881400; 231.718400; 
2023.10.20_16:29:42:345; 11.396200; 9.742000; 231.740300; 
2023.10.20_16:29:42:445; 11.374300; 9.999000; 232.245700; 
2023.10.20_16:29:42:545; 11.352500; 10.094700; 232.201800; 
2023.10.20_16:29:42:645; 11.532900; 10.778300; 232.201800; 
2023.10.20_16:29:42:745; 11.185700; 10.217700; 232.223800; 
2023.10.20_16:29:42:845; 11.018900; 10.277900; 235.519900; 
2023.10.20_16:29:42:945; 11.100900; 10.529400; 235.739600; 
2023.10.20_16:29:43:045; 11.191100; 10.327100; 235.695700; 
2023.10.20_16:29:43:145; 11.434500; 10.050900; 235.695700; 
2023.10.20_16:29:43:245; 11.234900; 9.616200; 235.673700; 
2023.10.20_16:29:43:345; 11.478300; 10.149400; 235.651700; 
2023.10.20_16:29:43:445; 11.759900; 9.878700; 235.651700; 
2023.10.20_16:29:43:545; 11.743500; 9.870500; 235.651700; 
2023.10.20_16:29:43:645; 11.984100; 9.999000; 235.432000; 
2023.10.20_16:29:43:745; 11.743500; 10.026300; 234.311300; 
2023.10.20_16:29:43:845; 11.574000; 10.143900; 234.333300; 
2023.10.20_16:29:43:945; 11.303300; 10.081000; 234.355200; 
2023.10.20_16:29:44:045; 11.213000; 10.731800; 234.487100; 
2023.10.20_16:29:44:145; 11.106400; 10.428300; 235.937400; 
2023.10.20_16:29:44:245; 11.029800; 10.220500; 235.871400; 
2023.10.20_16:29:44:345; 10.838400; 9.859500; 235.849500; 
2023.10.20_16:29:44:445; 10.977900; 9.933400; 235.849500; 
2023.10.20_16:29:44:545; 10.890400; 10.015400; 238.486400; 
2023.10.20_16:29:44:645; 11.347000; 9.755600; 238.596200; 
2023.10.20_16:29:44:745; 11.038000; 9.717400; 238.684100; 
2023.10.20_16:29:44:845; 11.152900; 9.783000; 238.662200; 
2023.10.20_16:29:44:945; 11.311500; 9.364600; 238.354500; 
2023.10.20_16:29:45:045; 11.434500; 9.553300; 238.398500; 
2023.10.20_16:29:45:145; 11.691500; 9.225200; 238.398500; 
2023.10.20_16:29:45:245; 11.426300; 8.938100; 238.376500; 
2023.10.20_16:29:45:345; 11.333300; 8.924400; 236.574600; 
2023.10.20_16:29:45:445; 11.382500; 8.836900; 236.728400; 
2023.10.20_16:29:45:545; 11.368900; 8.864300; 236.728400; 
2023.10.20_16:29:45:645; 11.615000; 8.943600; 236.728400; 
2023.10.20_16:29:45:745; 11.560300; 8.858800; 236.728400; 
2023.10.20_16:29:45:845; 11.902100; 8.968200; 237.365700; 
2023.10.20_16:29:45:945; 11.861100; 9.104900; 237.343700; 
2023.10.20_16:29:46:045; 11.907500; 9.367400; 237.343700; 
2023.10.20_16:29:46:145; 11.686100; 9.274400; 237.343700; 
2023.10.20_16:29:46:245; 11.954000; 9.430300; 237.343700; 
2023.10.20_16:29:46:345; 11.833700; 9.405600; 237.343700; 
2023.10.20_16:29:46:445; 12.298500; 9.233400; 237.343700; 
2023.10.20_16:29:46:545; 12.361400; 9.731000; 237.343700; 
2023.10.20_16:29:46:645; 12.364200; 9.479500; 240.925500; 
2023.10.20_16:29:46:745; 12.191900; 9.605300; 241.079300; 
2023.10.20_16:29:46:845; 12.547400; 9.597000; 241.145200; 
2023.10.20_16:29:46:945; 12.479000; 9.498600; 241.145200; 
2023.10.20_16:29:47:045; 12.842700; 9.351000; 246.814500; 
2023.10.20_16:29:47:145; 13.036800; 9.629900; 246.792500; 
2023.10.20_16:29:47:245; 12.306700; 9.553300; 246.726600; 
2023.10.20_16:29:47:345; 12.632100; 9.750200; 246.770600; 
2023.10.20_16:29:47:445; 12.418900; 9.662700; 244.748900; 
2023.10.20_16:29:47:545; 12.533700; 9.422100; 244.946700; 
2023.10.20_16:29:47:645; 12.706000; 9.547800; 244.968700; 
2023.10.20_16:29:47:745; 12.588400; 9.515000; 244.946700; 
2023.10.20_16:29:47:845; 12.498100; 9.386500; 244.529200; 
2023.10.20_16:29:47:945; 12.632100; 9.427500; 243.452500; 
2023.10.20_16:29:48:045; 12.755200; 9.454900; 243.430500; 
2023.10.20_16:29:48:145; 12.306700; 9.613500; 243.474500; 
2023.10.20_16:29:48:245; 12.109900; 9.900600; 243.474500; 
2023.10.20_16:29:48:345; 12.079800; 10.160300; 242.639500; 
2023.10.20_16:29:48:445; 11.986800; 10.335300; 242.573500; 
2023.10.20_16:29:48:545; 11.929400; 10.709900; 242.573500; 
2023.10.20_16:29:48:645; 11.855600; 10.969700; 242.551500; 
2023.10.20_16:29:48:745; 11.554800; 11.574000; 241.628600; 
2023.10.20_16:29:48:845; 11.532900; 11.155600; 241.650600; 
2023.10.20_16:29:48:945; 11.363400; 10.893100; 241.672600; 
2023.10.20_16:29:49:045; 10.854800; 11.396200; 241.672600; 
2023.10.20_16:29:49:145; 11.016200; 11.420800; 245.781700; 
2023.10.20_16:29:49:245; 11.229400; 11.016200; 245.276300; 
2023.10.20_16:29:49:345; 10.980600; 11.456400; 245.386200; 
2023.10.20_16:29:49:445; 11.314200; 11.707900; 245.364200; 
2023.10.20_16:29:49:545; 11.456400; 11.459100; 244.902800; 
2023.10.20_16:29:49:645; 11.497400; 11.817300; 243.518400; 
2023.10.20_16:29:49:745; 11.382500; 11.729800; 243.474500; 
2023.10.20_16:29:49:845; 11.240400; 11.306000; 243.430500; 
2023.10.20_16:29:49:945; 11.204800; 10.893100; 244.770900; 
2023.10.20_16:29:50:045; 11.429000; 10.422800; 245.232400; 
2023.10.20_16:29:50:145; 11.218500; 9.892400; 245.276300; 
2023.10.20_16:29:50:245; 11.114600; 9.958000; 245.298300; 
2023.10.20_16:29:50:345; 11.125500; 9.873200; 245.562000; 
2023.10.20_16:29:50:445; 10.887600; 9.408400; 247.649500; 
2023.10.20_16:29:50:545; 10.529400; 9.381000; 247.539600; 
2023.10.20_16:29:50:645; 10.496600; 9.258000; 247.517700; 
2023.10.20_16:29:50:745; 10.548600; 9.208800; 247.473700; 
2023.10.20_16:29:50:845; 10.811100; 9.340000; 246.462900; 
2023.10.20_16:29:50:945; 10.507600; 9.165000; 246.397000; 
2023.10.20_16:29:51:045; 10.417300; 9.512300; 246.375000; 
2023.10.20_16:29:51:145; 10.329800; 9.490400; 246.375000; 
2023.10.20_16:29:51:245; 10.630600; 9.400200; 244.067700; 
2023.10.20_16:29:51:345; 10.811100; 9.569700; 244.353400; 
2023.10.20_16:29:51:445; 11.029800; 9.457600; 244.375400; 
2023.10.20_16:29:51:545; 11.174700; 9.659900; 244.397400; 
2023.10.20_16:29:51:645; 11.090000; 9.977100; 242.727300; 
2023.10.20_16:29:51:745; 10.947800; 9.780200; 241.782500; 
2023.10.20_16:29:51:845; 10.854800; 9.613500; 241.694600; 
2023.10.20_16:29:51:945; 10.688000; 9.690000; 241.672600; 
2023.10.20_16:29:52:045; 10.928700; 9.572400; 241.848400; 
2023.10.20_16:29:52:145; 11.357900; 9.698200; 245.254300; 
2023.10.20_16:29:52:245; 11.377100; 9.430300; 245.298300; 
2023.10.20_16:29:52:345; 11.352500; 9.222500; 245.298300; 
2023.10.20_16:29:52:445; 11.423600; 9.463100; 245.298300; 
2023.10.20_16:29:52:545; 11.393500; 9.077500; 245.078600; 
2023.10.20_16:29:52:645; 11.265000; 9.077500; 245.100500; 
2023.10.20_16:29:52:745; 11.289600; 9.052900; 245.100500; 
2023.10.20_16:29:52:845; 10.947800; 8.820500; 245.034600; 
2023.10.20_16:29:52:945; 10.934100; 8.962700; 241.518800; 
2023.10.20_16:29:53:045; 11.043500; 8.872500; 241.562700; 
2023.10.20_16:29:53:145; 10.849400; 8.987300; 241.562700; 
2023.10.20_16:29:53:245; 10.534900; 8.858800; 241.584700; 
2023.10.20_16:29:53:345; 10.595100; 8.979100; 239.870700; 
2023.10.20_16:29:53:445; 10.660700; 8.918900; 239.716900; 
2023.10.20_16:29:53:545; 10.734500; 8.921700; 239.716900; 
2023.10.20_16:29:53:645; 10.802900; 9.074800; 239.673000; 
2023.10.20_16:29:53:745; 10.857600; 8.815000; 242.925100; 
2023.10.20_16:29:53:845; 11.076300; 8.940800; 242.661400; 
2023.10.20_16:29:53:945; 10.961500; 8.670100; 242.705400; 
2023.10.20_16:29:54:045; 10.863000; 8.897100; 242.683400; 
2023.10.20_16:29:54:145; 11.016200; 8.716600; 242.991000; 
2023.10.20_16:29:54:245; 11.284100; 8.675600; 244.045800; 
2023.10.20_16:29:54:345; 11.697000; 8.888900; 244.045800; 
2023.10.20_16:29:54:445; 11.278600; 9.657200; 244.045800; 
2023.10.20_16:29:54:545; 11.284100; 9.359200; 244.067700; 
2023.10.20_16:29:54:645; 11.412600; 9.720100; 246.353000; 
2023.10.20_16:29:54:745; 11.336100; 9.413900; 246.331100; 
2023.10.20_16:29:54:845; 11.481000; 9.129500; 246.331100; 
2023.10.20_16:29:54:945; 11.461800; 9.640800; 246.353000; 
2023.10.20_16:29:55:045; 11.691500; 9.643500; 244.661100; 
2023.10.20_16:29:55:145; 11.724300; 9.813100; 244.595100; 
2023.10.20_16:29:55:245; 11.721600; 9.791200; 244.595100; 
2023.10.20_16:29:55:345; 11.705200; 10.133000; 244.551200; 
2023.10.20_16:29:55:445; 11.653200; 9.654500; 240.178400; 
2023.10.20_16:29:55:545; 11.661400; 9.925200; 240.288200; 
2023.10.20_16:29:55:645; 11.669700; 9.725600; 240.332200; 
2023.10.20_16:29:55:745; 11.554800; 9.640800; 240.354100; 
2023.10.20_16:29:55:845; 11.609500; 9.690000; 236.992100; 
2023.10.20_16:29:55:945; 11.306000; 9.742000; 237.189900; 
2023.10.20_16:29:56:045; 11.139200; 9.528700; 237.299800; 
2023.10.20_16:29:56:145; 11.150100; 9.608000; 237.277800; 
2023.10.20_16:29:56:245; 10.999700; 10.149400; 238.508300; 
2023.10.20_16:29:56:345; 10.969700; 9.698200; 238.310600; 
2023.10.20_16:29:56:445; 11.079000; 10.124800; 238.376500; 
2023.10.20_16:29:56:545; 11.043500; 9.780200; 238.354500; 
2023.10.20_16:29:56:645; 11.202100; 9.654500; 238.508300; 
2023.10.20_16:29:56:745; 11.073600; 9.843100; 239.409300; 
2023.10.20_16:29:56:845; 11.098200; 9.725600; 239.387300; 
2023.10.20_16:29:56:945; 10.988800; 9.526000; 239.387300; 
2023.10.20_16:29:57:045; 11.125500; 9.520500; 239.387300; 
2023.10.20_16:29:57:145; 11.144700; 10.004500; 242.112100; 
2023.10.20_16:29:57:245; 11.215800; 9.919700; 242.002200; 
2023.10.20_16:29:57:345; 10.879400; 9.834900; 242.002200; 
2023.10.20_16:29:57:445; 10.988800; 9.903300; 241.980200; 
2023.10.20_16:29:57:545; 11.103700; 10.020900; 242.024200; 
2023.10.20_16:29:57:645; 10.884900; 10.070100; 242.024200; 
2023.10.20_16:29:57:745; 11.141900; 9.884200; 242.002200; 
2023.10.20_16:29:57:845; 10.939600; 10.119300; 241.980200; 
2023.10.20_16:29:57:945; 10.537600; 10.165800; 238.068800; 
2023.10.20_16:29:58:045; 10.450200; 10.135700; 238.640200; 
2023.10.20_16:29:58:145; 10.351700; 10.100200; 238.530300; 
2023.10.20_16:29:58:245; 10.357200; 9.895100; 238.552300; 
2023.10.20_16:29:58:345; 10.447400; 9.990800; 241.980200; 
2023.10.20_16:29:58:445; 10.138400; 9.755600; 243.144900; 
2023.10.20_16:29:58:545; 10.130200; 10.157600; 243.276700; 
2023.10.20_16:29:58:645; 10.215000; 10.143900; 243.320600; 
2023.10.20_16:29:58:745; 10.195900; 10.089200; 242.639500; 
2023.10.20_16:29:58:845; 9.832200; 9.990800; 242.134000; 
2023.10.20_16:29:58:945; 9.952500; 9.881400; 242.112100; 
2023.10.20_16:29:59:045; 9.968900; 9.769300; 242.090100; 
2023.10.20_16:29:59:145; 9.821300; 9.402900; 242.112100; 
2023.10.20_16:29:59:245; 9.594300; 9.643500; 242.287900; 
2023.10.20_16:29:59:345; 9.914200; 9.430300; 242.309800; 
2023.10.20_16:29:59:445; 10.111100; 9.684500; 242.287900; 
2023.10.20_16:29:59:545; 9.873200; 9.394700; 242.287900; 
2023.10.20_16:29:59:645; 10.081000; 9.061100; 240.244300; 
2023.10.20_16:29:59:745; 10.141200; 9.186900; 240.134400; 
2023.10.20_16:29:59:845; 10.130200; 8.894300; 240.046500; 
2023.10.20_16:29:59:945; 10.212300; 8.902500; 240.090500; 
2023.10.20_16:30:00:045; 10.338000; 8.637300; 238.706100; 
2023.10.20_16:30:00:145; 10.524000; 8.842400; 238.837900; 
2023.10.20_16:30:00:245; 10.920500; 8.560700; 238.859900; 
2023.10.20_16:30:00:345; 10.802900; 8.858800; 238.837900; 
2023.10.20_16:30:00:445; 10.504800; 8.700200; 240.551900; 
2023.10.20_16:30:00:545; 10.359900; 8.793200; 242.705400; 
2023.10.20_16:30:00:645; 10.395500; 8.560700; 242.727300; 
2023.10.20_16:30:00:745; 10.485700; 8.689300; 242.727300; 
2023.10.20_16:30:00:845; 10.581400; 8.467800; 242.969100; 
2023.10.20_16:30:00:945; 10.504800; 8.642800; 243.430500; 
2023.10.20_16:30:01:045; 10.537600; 8.492400; 243.386600; 
2023.10.20_16:30:01:145; 10.245100; 8.626400; 243.364600; 
2023.10.20_16:30:01:245; 11.005200; 8.470500; 243.430500; 
2023.10.20_16:30:01:345; 10.947800; 8.724800; 244.375400; 
2023.10.20_16:30:01:445; 10.871200; 8.347500; 244.375400; 
2023.10.20_16:30:01:545; 10.871200; 8.432200; 244.353400; 
2023.10.20_16:30:01:645; 10.786500; 8.292800; 244.353400; 
2023.10.20_16:30:01:745; 11.038000; 8.142400; 241.914300; 
2023.10.20_16:30:01:845; 10.745500; 8.533400; 241.848400; 
2023.10.20_16:30:01:945; 10.644300; 8.128700; 241.870300; 
2023.10.20_16:30:02:045; 10.720800; 8.115100; 241.848400; 
2023.10.20_16:30:02:145; 10.638800; 7.959200; 243.078900; 
2023.10.20_16:30:02:245; 10.400900; 8.251800; 243.100900; 
2023.10.20_16:30:02:345; 10.600500; 8.260000; 243.078900; 
2023.10.20_16:30:02:445; 10.701700; 8.333800; 243.144900; 
2023.10.20_16:30:02:545; 10.893100; 8.470500; 242.661400; 
2023.10.20_16:30:02:645; 11.199400; 8.273600; 242.639500; 
2023.10.20_16:30:02:745; 11.070800; 8.377500; 242.661400; 
2023.10.20_16:30:02:845; 11.502900; 8.437700; 242.661400; 
2023.10.20_16:30:02:945; 11.243100; 8.306500; 242.639500; 
2023.10.20_16:30:03:045; 11.193900; 8.497900; 240.859500; 
2023.10.20_16:30:03:145; 11.158300; 8.429500; 240.925500; 
2023.10.20_16:30:03:245; 11.163800; 8.454100; 240.947400; 
2023.10.20_16:30:03:345; 11.111900; 8.161500; 240.947400; 
2023.10.20_16:30:03:445; 10.964200; 8.301000; 240.002600; 
2023.10.20_16:30:03:545; 10.934100; 8.033000; 239.958600; 
2023.10.20_16:30:03:645; 10.805600; 7.970100; 239.936600; 
2023.10.20_16:30:03:745; 10.824800; 7.830700; 239.936600; 
2023.10.20_16:30:03:845; 10.606000; 7.475200; 238.574200; 
2023.10.20_16:30:03:945; 10.994300; 7.456100; 238.508300; 
2023.10.20_16:30:04:045; 10.983300; 7.313900; 238.486400; 
2023.10.20_16:30:04:145; 10.868500; 7.119800; 238.464400; 
2023.10.20_16:30:04:245; 10.767300; 7.344000; 237.453600; 
2023.10.20_16:30:04:345; 10.513000; 6.977600; 237.497500; 
2023.10.20_16:30:04:445; 10.201300; 7.292000; 237.409600; 
2023.10.20_16:30:04:545; 10.431000; 7.365900; 237.453600; 
2023.10.20_16:30:04:645; 10.466600; 7.363100; 238.816000; 
2023.10.20_16:30:04:745; 10.562300; 7.234600; 238.662200; 
2023.10.20_16:30:04:845; 10.545900; 7.486200; 238.618200; 
2023.10.20_16:30:04:945; 10.217700; 7.786900; 238.596200; 
2023.10.20_16:30:05:045; 10.425500; 7.426000; 238.288600; 
2023.10.20_16:30:05:145; 10.452900; 7.516200; 238.244600; 
2023.10.20_16:30:05:245; 10.641600; 7.871700; 238.244600; 
2023.10.20_16:30:05:345; 10.701700; 7.923700; 238.244600; 
2023.10.20_16:30:05:445; 10.895800; 7.997500; 238.266600; 
2023.10.20_16:30:05:545; 10.660700; 8.221700; 237.959000; 
2023.10.20_16:30:05:645; 10.545900; 8.172500; 237.981000; 
2023.10.20_16:30:05:745; 10.204100; 8.435000; 237.959000; 
2023.10.20_16:30:05:845; 10.245100; 9.009200; 237.959000; 
2023.10.20_16:30:05:945; 10.491200; 8.834200; 236.970200; 
2023.10.20_16:30:06:045; 10.671600; 9.102100; 237.124000; 
2023.10.20_16:30:06:145; 10.474800; 8.765800; 237.124000; 
2023.10.20_16:30:06:245; 10.280600; 8.426800; 237.124000; 
2023.10.20_16:30:06:345; 10.455600; 8.839600; 237.080000; 
2023.10.20_16:30:06:445; 10.190400; 8.960000; 237.080000; 
2023.10.20_16:30:06:545; 10.258800; 9.241600; 237.124000; 
2023.10.20_16:30:06:645; 10.264200; 9.080300; 237.102000; 
2023.10.20_16:30:06:745; 10.349000; 9.394700; 237.541500; 
2023.10.20_16:30:06:845; 10.152100; 9.320900; 237.475600; 
2023.10.20_16:30:06:945; 10.075600; 9.200600; 237.519500; 
2023.10.20_16:30:07:045; 10.225900; 9.217000; 237.497500; 
2023.10.20_16:30:07:145; 10.362700; 9.400200; 236.838300; 
2023.10.20_16:30:07:245; 10.398200; 9.271700; 236.267000; 
2023.10.20_16:30:07:345; 10.524000; 9.624400; 236.201100; 
2023.10.20_16:30:07:445; 10.600500; 9.501300; 236.179100; 
2023.10.20_16:30:07:545; 10.649800; 9.772000; 236.069200; 
2023.10.20_16:30:07:645; 10.641600; 9.583400; 235.959400; 
2023.10.20_16:30:07:745; 10.690800; 9.342800; 235.893400; 
2023.10.20_16:30:07:845; 10.876700; 9.575200; 235.915400; 
2023.10.20_16:30:07:945; 10.540400; 9.342800; 235.981300; 
2023.10.20_16:30:08:045; 10.400900; 9.093900; 238.178700; 
2023.10.20_16:30:08:145; 10.543100; 9.255300; 238.134800; 
2023.10.20_16:30:08:245; 11.256800; 9.080300; 238.134800; 
2023.10.20_16:30:08:345; 11.007900; 9.214200; 238.112800; 
2023.10.20_16:30:08:445; 10.923200; 9.315400; 236.157100; 
2023.10.20_16:30:08:545; 10.783700; 9.315400; 236.157100; 
2023.10.20_16:30:08:645; 10.619700; 9.504100; 236.091200; 
