TimeStamp_UTC; mm_ws_110m[m/s]; mm_ws_60m[m/s]; mm_wd_110m[deg]; 
2023.10.20_16:26:08:745; 11.286800; 7.406900; 239.980600; 
2023.10.20_16:26:08:845; 10.961500; 7.491600; 239.914700; 
2023.10.20_16:26:08:945; 11.114600; 7.491600; 239.387300; 
2023.10.20_16:26:09:045; 10.715400; 7.554500; 239.387300; 
2023.10.20_16:26:09:145; 10.759100; 7.601000; 239.409300; 
2023.10.20_16:26:09:245; 10.783700; 7.819800; 239.409300; 
2023.10.20_16:26:09:345; 10.668900; 7.795100; 238.464400; 
2023.10.20_16:26:09:445; 10.802900; 7.606500; 238.508300; 
2023.10.20_16:26:09:545; 10.729100; 7.885400; 238.486400; 
2023.10.20_16:26:09:645; 10.395500; 7.983800; 238.486400; 
2023.10.20_16:26:09:745; 10.513000; 8.065800; 241.057300; 
2023.10.20_16:26:09:845; 10.370900; 8.443200; 241.233100; 
2023.10.20_16:26:09:945; 11.007900; 8.555300; 241.299000; 
2023.10.20_16:26:10:045; 10.567700; 8.708400; 241.343000; 
2023.10.20_16:26:10:145; 10.373600; 8.642800; 240.683800; 
2023.10.20_16:26:10:245; 10.072800; 8.774000; 238.530300; 
2023.10.20_16:26:10:345; 9.988100; 8.593600; 238.530300; 
2023.10.20_16:26:10:445; 10.308000; 8.899800; 238.552300; 
2023.10.20_16:26:10:545; 10.518500; 8.730300; 238.574200; 
2023.10.20_16:26:10:645; 10.431000; 8.916200; 239.475200; 
2023.10.20_16:26:10:745; 10.280600; 8.927100; 239.541100; 
2023.10.20_16:26:10:845; 10.231400; 8.861500; 239.585100; 
2023.10.20_16:26:10:945; 10.264200; 8.798600; 239.585100; 
2023.10.20_16:26:11:045; 10.258800; 8.850600; 237.167900; 
2023.10.20_16:26:11:145; 10.127500; 8.861500; 237.453600; 
2023.10.20_16:26:11:245; 10.146600; 8.916200; 237.475600; 
2023.10.20_16:26:11:345; 10.184900; 9.121300; 237.497500; 
2023.10.20_16:26:11:445; 10.094700; 8.850600; 237.058000; 
2023.10.20_16:26:11:545; 10.138400; 8.913500; 236.970200; 
2023.10.20_16:26:11:645; 10.231400; 8.708400; 236.948200; 
2023.10.20_16:26:11:745; 10.187700; 8.795900; 236.948200; 
2023.10.20_16:26:11:845; 10.100200; 8.426800; 235.234200; 
2023.10.20_16:26:11:945; 10.272400; 8.566200; 234.355200; 
2023.10.20_16:26:12:045; 10.122000; 8.249000; 234.289300; 
2023.10.20_16:26:12:145; 10.299800; 8.085000; 234.245400; 
2023.10.20_16:26:12:245; 10.086500; 8.038500; 234.201400; 
2023.10.20_16:26:12:345; 9.897800; 7.953700; 233.630100; 
2023.10.20_16:26:12:445; 9.531400; 7.792400; 233.696000; 
2023.10.20_16:26:12:545; 9.383800; 7.910000; 233.674100; 
2023.10.20_16:26:12:645; 9.203300; 7.680300; 233.827900; 
2023.10.20_16:26:12:745; 9.424800; 7.838900; 237.036100; 
2023.10.20_16:26:12:845; 9.534200; 8.188900; 237.387700; 
2023.10.20_16:26:12:945; 9.383800; 7.849800; 237.365700; 
2023.10.20_16:26:13:045; 9.394700; 8.106900; 237.321700; 
2023.10.20_16:26:13:145; 9.348200; 8.145100; 234.289300; 
2023.10.20_16:26:13:245; 9.613500; 8.191600; 234.069600; 
2023.10.20_16:26:13:345; 9.465800; 8.284600; 234.003700; 
2023.10.20_16:26:13:445; 9.252500; 8.120500; 234.025600; 
2023.10.20_16:26:13:545; 9.372800; 8.090400; 233.915800; 
2023.10.20_16:26:13:645; 9.197800; 8.216200; 233.915800; 
2023.10.20_16:26:13:745; 9.028300; 8.262700; 233.937700; 
2023.10.20_16:26:13:845; 9.167800; 8.763100; 233.915800; 
2023.10.20_16:26:13:945; 9.020100; 8.683800; 233.652100; 
2023.10.20_16:26:14:045; 8.962700; 9.050200; 233.256500; 
2023.10.20_16:26:14:145; 8.910700; 8.968200; 233.256500; 
2023.10.20_16:26:14:245; 9.050200; 9.121300; 233.256500; 
2023.10.20_16:26:14:345; 8.790400; 9.176000; 233.432300; 
2023.10.20_16:26:14:445; 8.981800; 9.085700; 239.585100; 
2023.10.20_16:26:14:545; 9.080300; 9.329100; 239.453200; 
2023.10.20_16:26:14:645; 9.025600; 9.214200; 239.431200; 
2023.10.20_16:26:14:745; 9.162300; 9.132200; 239.365300; 
2023.10.20_16:26:14:845; 8.877900; 9.061100; 237.805200; 
2023.10.20_16:26:14:945; 9.042000; 9.044700; 237.805200; 
2023.10.20_16:26:15:045; 9.014600; 8.979100; 237.783200; 
2023.10.20_16:26:15:145; 9.137700; 8.902500; 237.827100; 
2023.10.20_16:26:15:245; 9.140400; 9.036500; 238.508300; 
2023.10.20_16:26:15:345; 9.353700; 8.834200; 238.552300; 
2023.10.20_16:26:15:445; 9.162300; 8.905300; 238.574200; 
2023.10.20_16:26:15:545; 9.227900; 8.831400; 238.574200; 
2023.10.20_16:26:15:645; 9.238900; 8.880700; 238.046900; 
2023.10.20_16:26:15:745; 9.129500; 8.853300; 238.068800; 
2023.10.20_16:26:15:845; 9.167800; 9.375600; 238.068800; 
2023.10.20_16:26:15:945; 9.140400; 8.987300; 238.068800; 
2023.10.20_16:26:16:045; 9.375600; 9.047500; 240.112400; 
2023.10.20_16:26:16:145; 9.392000; 9.151400; 239.958600; 
2023.10.20_16:26:16:245; 9.156800; 8.743900; 240.002600; 
2023.10.20_16:26:16:345; 9.389200; 8.831400; 239.980600; 
2023.10.20_16:26:16:445; 9.449400; 8.284600; 240.244300; 
2023.10.20_16:26:16:545; 9.263500; 8.566200; 241.189200; 
2023.10.20_16:26:16:645; 9.487700; 8.495100; 241.167200; 
2023.10.20_16:26:16:745; 9.490400; 8.391200; 241.167200; 
2023.10.20_16:26:16:845; 9.884200; 8.689300; 241.167200; 
2023.10.20_16:26:16:945; 9.662700; 8.325600; 241.650600; 
2023.10.20_16:26:17:045; 9.588800; 8.432200; 241.672600; 
2023.10.20_16:26:17:145; 9.545100; 8.290100; 241.694600; 
2023.10.20_16:26:17:245; 9.531400; 8.500600; 241.716500; 
2023.10.20_16:26:17:345; 9.465800; 8.481500; 241.321000; 
2023.10.20_16:26:17:445; 9.777500; 8.440400; 241.343000; 
2023.10.20_16:26:17:545; 9.755600; 8.484200; 241.343000; 
2023.10.20_16:26:17:645; 9.591600; 8.771300; 241.343000; 
2023.10.20_16:26:17:745; 9.884200; 8.634600; 241.804400; 
2023.10.20_16:26:17:845; 9.676300; 8.716600; 241.738500; 
2023.10.20_16:26:17:945; 9.534200; 8.629100; 241.738500; 
2023.10.20_16:26:18:045; 9.528700; 8.585400; 241.716500; 
2023.10.20_16:26:18:145; 9.244300; 8.519700; 240.222300; 
2023.10.20_16:26:18:245; 9.315400; 8.456800; 240.090500; 
2023.10.20_16:26:18:345; 9.340000; 8.470500; 240.024500; 
2023.10.20_16:26:18:445; 8.970900; 8.413100; 240.002600; 
2023.10.20_16:26:18:545; 9.288100; 8.514300; 240.903500; 
2023.10.20_16:26:18:645; 9.443900; 8.383000; 241.233100; 
2023.10.20_16:26:18:745; 9.331800; 8.525200; 241.277100; 
2023.10.20_16:26:18:845; 9.750200; 8.224400; 241.277100; 
2023.10.20_16:26:18:945; 9.848600; 8.046700; 241.386900; 
2023.10.20_16:26:19:045; 10.023600; 7.948300; 242.090100; 
2023.10.20_16:26:19:145; 9.821300; 7.806100; 242.156000; 
2023.10.20_16:26:19:245; 9.690000; 8.074000; 242.134000; 
2023.10.20_16:26:19:345; 9.632600; 7.931900; 242.134000; 
2023.10.20_16:26:19:445; 9.501300; 7.811500; 239.497200; 
2023.10.20_16:26:19:545; 9.334600; 7.729500; 239.299400; 
2023.10.20_16:26:19:645; 9.219700; 7.562700; 239.167600; 
2023.10.20_16:26:19:745; 9.255300; 7.294800; 239.233500; 
2023.10.20_16:26:19:845; 9.137700; 7.363100; 234.069600; 
2023.10.20_16:26:19:945; 9.438500; 7.557300; 234.597000; 
2023.10.20_16:26:20:045; 9.512300; 7.354900; 234.618900; 
2023.10.20_16:26:20:145; 9.640800; 7.133400; 234.640900; 
2023.10.20_16:26:20:245; 9.597000; 7.040500; 233.608100; 
2023.10.20_16:26:20:345; 9.263500; 7.078800; 232.619300; 
2023.10.20_16:26:20:445; 9.104900; 7.286600; 232.575300; 
2023.10.20_16:26:20:545; 8.984600; 7.182700; 232.575300; 
2023.10.20_16:26:20:645; 8.976400; 7.229100; 233.146700; 
2023.10.20_16:26:20:745; 9.014600; 7.653000; 234.267300; 
2023.10.20_16:26:20:845; 8.790400; 7.710400; 234.267300; 
2023.10.20_16:26:20:945; 8.888900; 7.910000; 234.245400; 
2023.10.20_16:26:21:045; 8.872500; 7.904500; 234.289300; 
2023.10.20_16:26:21:145; 8.760400; 7.910000; 236.442800; 
2023.10.20_16:26:21:245; 8.558000; 7.994700; 236.442800; 
2023.10.20_16:26:21:345; 8.492400; 8.208000; 236.376900; 
2023.10.20_16:26:21:445; 8.363900; 7.992000; 236.420800; 
2023.10.20_16:26:21:545; 8.418600; 8.153300; 237.387700; 
2023.10.20_16:26:21:645; 8.331100; 8.254500; 237.453600; 
2023.10.20_16:26:21:745; 8.407600; 7.784200; 237.431600; 
2023.10.20_16:26:21:845; 8.533400; 7.860800; 237.453600; 
2023.10.20_16:26:21:945; 8.618200; 7.560000; 236.486700; 
2023.10.20_16:26:22:045; 8.741200; 7.486200; 236.442800; 
2023.10.20_16:26:22:145; 8.689300; 7.565500; 236.442800; 
2023.10.20_16:26:22:245; 8.946300; 7.691200; 236.420800; 
2023.10.20_16:26:22:345; 9.077500; 7.434200; 228.949600; 
2023.10.20_16:26:22:445; 9.052900; 7.453400; 229.345200; 
2023.10.20_16:26:22:545; 9.197800; 7.483400; 229.235300; 
2023.10.20_16:26:22:645; 9.061100; 7.516200; 229.257300; 
2023.10.20_16:26:22:745; 9.413900; 7.458800; 230.114300; 
2023.10.20_16:26:22:845; 9.397400; 7.390500; 234.311300; 
2023.10.20_16:26:22:945; 9.121300; 7.532700; 234.179500; 
2023.10.20_16:26:23:045; 9.135000; 7.426000; 234.069600; 
2023.10.20_16:26:23:145; 9.107600; 7.171700; 234.091600; 
2023.10.20_16:26:23:245; 8.908000; 7.149800; 233.871800; 
2023.10.20_16:26:23:345; 8.899800; 7.114300; 233.893800; 
2023.10.20_16:26:23:445; 8.976400; 7.073300; 233.915800; 
2023.10.20_16:26:23:545; 8.809600; 6.794400; 233.893800; 
2023.10.20_16:26:23:645; 8.935300; 7.010400; 231.608500; 
2023.10.20_16:26:23:745; 8.533400; 7.108800; 231.432700; 
2023.10.20_16:26:23:845; 8.610000; 7.111600; 231.432700; 
2023.10.20_16:26:23:945; 8.481500; 7.062400; 231.388800; 
2023.10.20_16:26:24:045; 8.856100; 6.920200; 232.465500; 
2023.10.20_16:26:24:145; 8.719300; 6.892800; 232.421500; 
2023.10.20_16:26:24:245; 8.992800; 6.991300; 232.377600; 
2023.10.20_16:26:24:345; 8.845100; 6.797100; 232.377600; 
2023.10.20_16:26:24:445; 8.924400; 6.895600; 236.816300; 
2023.10.20_16:26:24:545; 8.549800; 6.821700; 236.442800; 
2023.10.20_16:26:24:645; 8.653700; 6.693200; 236.354900; 
2023.10.20_16:26:24:745; 8.380300; 6.873700; 236.332900; 
2023.10.20_16:26:24:845; 8.506100; 6.835400; 236.508700; 
2023.10.20_16:26:24:945; 8.273600; 7.015900; 236.508700; 
2023.10.20_16:26:25:045; 8.336500; 7.352200; 236.552600; 
2023.10.20_16:26:25:145; 8.109600; 7.076000; 236.574600; 
2023.10.20_16:26:25:245; 8.098700; 7.560000; 236.552600; 
2023.10.20_16:26:25:345; 8.063100; 7.789700; 236.728400; 
2023.10.20_16:26:25:445; 7.923700; 7.904500; 236.684500; 
2023.10.20_16:26:25:545; 8.145100; 8.052200; 236.728400; 
2023.10.20_16:26:25:645; 7.978300; 8.336500; 236.728400; 
2023.10.20_16:26:25:745; 7.885400; 8.199800; 236.530700; 
2023.10.20_16:26:25:845; 8.090400; 8.481500; 236.552600; 
2023.10.20_16:26:25:945; 8.052200; 8.486900; 236.574600; 
2023.10.20_16:26:26:045; 8.052200; 8.905300; 236.552600; 
2023.10.20_16:26:26:145; 8.126000; 8.806800; 235.607800; 
2023.10.20_16:26:26:245; 8.074000; 8.908000; 235.739600; 
2023.10.20_16:26:26:345; 8.344700; 8.815000; 235.695700; 
2023.10.20_16:26:26:445; 8.085000; 9.110300; 235.651700; 
2023.10.20_16:26:26:545; 8.355700; 8.831400; 238.200700; 
2023.10.20_16:26:26:645; 8.372100; 8.902500; 238.112800; 
2023.10.20_16:26:26:745; 8.238100; 8.817800; 238.222700; 
2023.10.20_16:26:26:845; 8.232600; 9.118500; 238.244600; 
2023.10.20_16:26:26:945; 8.478700; 8.921700; 238.354500; 
2023.10.20_16:26:27:045; 8.366600; 8.899800; 239.189500; 
2023.10.20_16:26:27:145; 8.547100; 8.525200; 239.145600; 
2023.10.20_16:26:27:245; 8.456800; 8.413100; 239.167600; 
2023.10.20_16:26:27:345; 8.538900; 8.448600; 237.255800; 
2023.10.20_16:26:27:445; 8.413100; 8.481500; 234.860600; 
2023.10.20_16:26:27:545; 8.506100; 8.202600; 234.772800; 
2023.10.20_16:26:27:645; 8.361100; 8.508800; 234.816700; 
2023.10.20_16:26:27:745; 8.560700; 8.325600; 234.816700; 
2023.10.20_16:26:27:845; 8.454100; 8.429500; 235.388000; 
2023.10.20_16:26:27:945; 8.596300; 8.076800; 235.344100; 
2023.10.20_16:26:28:045; 8.459600; 8.270900; 235.278200; 
2023.10.20_16:26:28:145; 8.752200; 8.486900; 235.300100; 
2023.10.20_16:26:28:245; 8.541600; 8.153300; 230.004400; 
2023.10.20_16:26:28:345; 8.826000; 8.273600; 229.784700; 
2023.10.20_16:26:28:445; 9.001000; 7.972900; 229.784700; 
2023.10.20_16:26:28:545; 9.186900; 8.106900; 229.762700; 
2023.10.20_16:26:28:645; 9.170500; 7.934600; 230.334000; 
2023.10.20_16:26:28:745; 9.487700; 7.912700; 230.356000; 
2023.10.20_16:26:28:845; 9.520500; 7.994700; 230.334000; 
2023.10.20_16:26:28:945; 9.545100; 7.814300; 230.334000; 
2023.10.20_16:26:29:045; 9.758400; 7.639300; 230.312000; 
2023.10.20_16:26:29:145; 10.061900; 7.822500; 230.356000; 
2023.10.20_16:26:29:245; 10.165800; 7.970100; 230.356000; 
2023.10.20_16:26:29:345; 10.231400; 8.298300; 230.356000; 
2023.10.20_16:26:29:445; 10.308000; 8.949000; 230.465900; 
2023.10.20_16:26:29:545; 10.447400; 8.519700; 230.861400; 
2023.10.20_16:26:29:645; 10.502100; 8.637300; 230.883400; 
2023.10.20_16:26:29:745; 10.280600; 8.588100; 230.905300; 
2023.10.20_16:26:29:845; 9.919700; 8.626400; 230.883400; 
2023.10.20_16:26:29:945; 10.094700; 8.213500; 230.729500; 
2023.10.20_16:26:30:045; 9.988100; 8.451400; 230.729500; 
2023.10.20_16:26:30:145; 9.974400; 8.087700; 230.729500; 
2023.10.20_16:26:30:245; 10.059100; 8.197100; 230.751500; 
2023.10.20_16:26:30:345; 10.092000; 8.109600; 232.619300; 
2023.10.20_16:26:30:445; 9.966200; 8.054900; 232.773100; 
2023.10.20_16:26:30:545; 9.845900; 8.128700; 232.773100; 
2023.10.20_16:26:30:645; 10.067300; 8.030300; 232.751100; 
2023.10.20_16:26:30:745; 10.059100; 7.704900; 228.686000; 
2023.10.20_16:26:30:845; 9.952500; 7.748700; 228.773800; 
2023.10.20_16:26:30:945; 9.742000; 7.519000; 228.817800; 
2023.10.20_16:26:31:045; 9.990800; 7.595500; 228.795800; 
2023.10.20_16:26:31:145; 9.802100; 7.699400; 228.554100; 
2023.10.20_16:26:31:245; 9.635300; 7.617400; 228.488200; 
2023.10.20_16:26:31:345; 9.725600; 7.415100; 228.466200; 
2023.10.20_16:26:31:445; 9.695500; 7.292000; 228.510200; 
2023.10.20_16:26:31:545; 9.550600; 7.393200; 228.488200; 
2023.10.20_16:26:31:645; 9.635300; 7.519000; 229.037500; 
2023.10.20_16:26:31:745; 9.556000; 7.461600; 229.015600; 
2023.10.20_16:26:31:845; 9.547800; 7.458800; 229.015600; 
2023.10.20_16:26:31:945; 9.386500; 7.581900; 229.037500; 
2023.10.20_16:26:32:045; 9.260700; 7.658400; 229.081500; 
2023.10.20_16:26:32:145; 9.624400; 7.773300; 229.103500; 
2023.10.20_16:26:32:245; 9.140400; 7.828000; 229.103500; 
2023.10.20_16:26:32:345; 8.957200; 7.642000; 229.103500; 
2023.10.20_16:26:32:445; 9.241600; 8.098700; 229.301200; 
2023.10.20_16:26:32:545; 9.074800; 8.574400; 229.301200; 
2023.10.20_16:26:32:645; 9.121300; 8.309200; 229.235300; 
2023.10.20_16:26:32:745; 9.077500; 8.722100; 229.279300; 
2023.10.20_16:26:32:845; 9.277100; 8.314700; 230.905300; 
2023.10.20_16:26:32:945; 9.378300; 8.675600; 230.729500; 
2023.10.20_16:26:33:045; 9.102100; 8.637300; 230.707600; 
2023.10.20_16:26:33:145; 9.342800; 8.724800; 230.685600; 
2023.10.20_16:26:33:245; 9.167800; 8.549800; 231.125100; 
2023.10.20_16:26:33:345; 9.107600; 8.640000; 231.059100; 
2023.10.20_16:26:33:445; 9.170500; 8.527900; 231.037200; 
2023.10.20_16:26:33:545; 8.943600; 8.577200; 231.037200; 
2023.10.20_16:26:33:645; 9.222500; 8.227200; 231.586500; 
2023.10.20_16:26:33:745; 8.910700; 8.492400; 231.850200; 
2023.10.20_16:26:33:845; 9.140400; 8.352900; 231.828200; 
2023.10.20_16:26:33:945; 9.022800; 8.347500; 231.894200; 
2023.10.20_16:26:34:045; 9.372800; 8.451400; 231.894200; 
2023.10.20_16:26:34:145; 8.998200; 8.497900; 232.113900; 
2023.10.20_16:26:34:245; 9.044700; 8.812300; 232.179800; 
2023.10.20_16:26:34:345; 9.126700; 8.820500; 232.179800; 
2023.10.20_16:26:34:445; 8.845100; 8.987300; 232.179800; 
2023.10.20_16:26:34:545; 9.063900; 8.817800; 232.751100; 
2023.10.20_16:26:34:645; 8.973600; 8.861500; 232.751100; 
2023.10.20_16:26:34:745; 9.129500; 8.924400; 232.707200; 
2023.10.20_16:26:34:845; 9.063900; 8.899800; 232.707200; 
2023.10.20_16:26:34:945; 9.260700; 8.973600; 232.926900; 
2023.10.20_16:26:35:045; 9.197800; 8.806800; 232.905000; 
2023.10.20_16:26:35:145; 9.424800; 9.096700; 232.861000; 
2023.10.20_16:26:35:245; 9.501300; 8.826000; 232.905000; 
2023.10.20_16:26:35:345; 9.523200; 8.918900; 233.761900; 
2023.10.20_16:26:35:445; 9.460300; 8.888900; 233.696000; 
2023.10.20_16:26:35:545; 9.728300; 9.178700; 233.696000; 
2023.10.20_16:26:35:645; 9.703700; 9.113100; 233.696000; 
2023.10.20_16:26:35:745; 9.531400; 9.482200; 234.069600; 
2023.10.20_16:26:35:845; 9.758400; 8.867000; 234.662900; 
2023.10.20_16:26:35:945; 9.750200; 9.290800; 234.684900; 
2023.10.20_16:26:36:045; 9.613500; 8.599000; 234.662900; 
2023.10.20_16:26:36:145; 9.684500; 8.847900; 234.465100; 
2023.10.20_16:26:36:245; 9.654500; 8.418600; 233.740000; 
2023.10.20_16:26:36:345; 9.651700; 8.530700; 233.761900; 
2023.10.20_16:26:36:445; 9.676300; 8.301000; 233.783900; 
2023.10.20_16:26:36:545; 9.479500; 8.653700; 233.805900; 
2023.10.20_16:26:36:645; 9.156800; 8.610000; 235.783600; 
2023.10.20_16:26:36:745; 9.411100; 8.790400; 235.783600; 
2023.10.20_16:26:36:845; 9.167800; 8.705700; 235.805500; 
2023.10.20_16:26:36:945; 9.219700; 8.768600; 235.805500; 
2023.10.20_16:26:37:045; 9.293500; 8.705700; 233.849800; 
2023.10.20_16:26:37:145; 9.364600; 8.998200; 233.915800; 
2023.10.20_16:26:37:245; 9.597000; 8.954500; 233.937700; 
2023.10.20_16:26:37:345; 9.463100; 9.329100; 233.937700; 
2023.10.20_16:26:37:445; 9.506800; 8.804100; 234.465100; 
2023.10.20_16:26:37:545; 9.706400; 9.011900; 234.553000; 
2023.10.20_16:26:37:645; 9.487700; 8.569000; 234.553000; 
2023.10.20_16:26:37:745; 9.892400; 9.025600; 234.553000; 
2023.10.20_16:26:37:845; 9.725600; 8.558000; 235.432000; 
2023.10.20_16:26:37:945; 9.616200; 8.566200; 239.431200; 
2023.10.20_16:26:38:045; 9.651700; 8.257200; 239.277400; 
2023.10.20_16:26:38:145; 10.037300; 8.402200; 239.255400; 
2023.10.20_16:26:38:245; 10.316200; 8.158800; 238.947800; 
2023.10.20_16:26:38:345; 10.064600; 8.262700; 236.486700; 
2023.10.20_16:26:38:445; 10.737300; 8.060400; 236.596600; 
2023.10.20_16:26:38:545; 10.253300; 8.035800; 236.684500; 
2023.10.20_16:26:38:645; 10.165800; 8.257200; 236.640500; 
2023.10.20_16:26:38:745; 10.070100; 8.279100; 233.652100; 
2023.10.20_16:26:38:845; 10.250500; 8.590800; 233.498300; 
2023.10.20_16:26:38:945; 10.387300; 8.558000; 233.454300; 
2023.10.20_16:26:39:045; 10.414600; 8.544300; 233.410400; 
2023.10.20_16:26:39:145; 10.122000; 8.508800; 236.882300; 
2023.10.20_16:26:39:245; 10.223200; 8.470500; 237.102000; 
2023.10.20_16:26:39:345; 10.157600; 8.716600; 237.145900; 
2023.10.20_16:26:39:445; 10.247800; 8.724800; 237.211900; 
2023.10.20_16:26:39:545; 10.130200; 8.675600; 234.399200; 
2023.10.20_16:26:39:645; 10.403700; 8.637300; 234.289300; 
2023.10.20_16:26:39:745; 10.116600; 9.124000; 234.179500; 
2023.10.20_16:26:39:845; 10.070100; 8.804100; 234.135500; 
2023.10.20_16:26:39:945; 10.042700; 8.823200; 234.047600; 
2023.10.20_16:26:40:045; 9.774800; 8.765800; 233.915800; 
2023.10.20_16:26:40:145; 9.807600; 8.836900; 233.937700; 
2023.10.20_16:26:40:245; 9.613500; 8.661900; 233.915800; 
2023.10.20_16:26:40:345; 9.241600; 8.776800; 234.201400; 
2023.10.20_16:26:40:445; 9.394700; 8.667400; 241.386900; 
2023.10.20_16:26:40:545; 9.378300; 8.940800; 242.134000; 
2023.10.20_16:26:40:645; 9.443900; 8.858800; 242.090100; 
2023.10.20_16:26:40:745; 9.575200; 8.642800; 242.068100; 
2023.10.20_16:26:40:845; 9.580600; 8.692000; 240.639800; 
2023.10.20_16:26:40:945; 9.476700; 8.339300; 240.529900; 
2023.10.20_16:26:41:045; 9.722800; 8.402200; 240.508000; 
2023.10.20_16:26:41:145; 9.320900; 8.560700; 240.486000; 
2023.10.20_16:26:41:245; 9.206000; 8.413100; 239.057700; 
2023.10.20_16:26:41:345; 8.957200; 8.689300; 239.211500; 
2023.10.20_16:26:41:445; 9.118500; 8.328300; 239.255400; 
2023.10.20_16:26:41:545; 8.875200; 8.604500; 239.233500; 
2023.10.20_16:26:41:645; 9.446700; 8.254500; 246.243200; 
2023.10.20_16:26:41:745; 9.545100; 8.123300; 245.518000; 
2023.10.20_16:26:41:845; 9.290800; 7.795100; 245.496100; 
2023.10.20_16:26:41:945; 9.230700; 8.208000; 245.496100; 
2023.10.20_16:26:42:045; 9.233400; 8.519700; 236.662500; 
2023.10.20_16:26:42:145; 9.219700; 8.527900; 237.365700; 
2023.10.20_16:26:42:245; 9.296300; 8.891600; 237.321700; 
2023.10.20_16:26:42:345; 9.132200; 8.320100; 237.299800; 
2023.10.20_16:26:42:445; 9.490400; 8.610000; 239.585100; 
2023.10.20_16:26:42:545; 9.668100; 8.396700; 242.397700; 
2023.10.20_16:26:42:645; 9.515000; 8.642800; 242.441700; 
2023.10.20_16:26:42:745; 9.408400; 8.672900; 242.441700; 
2023.10.20_16:26:42:845; 9.331800; 9.014600; 242.529600; 
2023.10.20_16:26:42:945; 9.422100; 9.039300; 245.759700; 
2023.10.20_16:26:43:045; 9.389200; 9.665400; 245.935500; 
2023.10.20_16:26:43:145; 9.107600; 9.260700; 245.913600; 
2023.10.20_16:26:43:245; 9.208800; 9.102100; 245.957500; 
2023.10.20_16:26:43:345; 9.184200; 9.474000; 243.320600; 
2023.10.20_16:26:43:445; 9.353700; 9.411100; 243.056900; 
2023.10.20_16:26:43:545; 9.274400; 9.572400; 243.035000; 
2023.10.20_16:26:43:645; 9.129500; 9.329100; 243.013000; 
2023.10.20_16:26:43:745; 9.211500; 9.277100; 243.013000; 
2023.10.20_16:26:43:845; 9.342800; 9.471300; 242.991000; 
2023.10.20_16:26:43:945; 9.285300; 9.184200; 242.991000; 
2023.10.20_16:26:44:045; 9.452100; 9.167800; 243.035000; 
2023.10.20_16:26:44:145; 9.170500; 9.476700; 244.770900; 
2023.10.20_16:26:44:245; 9.348200; 9.247100; 244.946700; 
2023.10.20_16:26:44:345; 9.288100; 9.703700; 244.990700; 
2023.10.20_16:26:44:445; 9.405600; 9.052900; 245.012600; 
2023.10.20_16:26:44:545; 9.351000; 9.186900; 245.012600; 
2023.10.20_16:26:44:645; 9.176000; 8.880700; 244.858800; 
2023.10.20_16:26:44:745; 9.463100; 8.486900; 244.836800; 
2023.10.20_16:26:44:845; 9.277100; 8.596300; 244.858800; 
2023.10.20_16:26:44:945; 9.115800; 8.667400; 244.727000; 
2023.10.20_16:26:45:045; 9.334600; 8.536100; 243.694200; 
2023.10.20_16:26:45:145; 9.282600; 8.612700; 243.760100; 
2023.10.20_16:26:45:245; 9.318200; 8.629100; 243.738100; 
2023.10.20_16:26:45:345; 9.307200; 9.052900; 243.760100; 
2023.10.20_16:26:45:445; 9.274400; 8.653700; 244.902800; 
2023.10.20_16:26:45:545; 9.279900; 8.776800; 244.990700; 
2023.10.20_16:26:45:645; 9.337300; 8.806800; 244.990700; 
2023.10.20_16:26:45:745; 9.301700; 8.738500; 244.990700; 
2023.10.20_16:26:45:845; 9.197800; 8.172500; 245.496100; 
2023.10.20_16:26:45:945; 9.443900; 8.079500; 245.496100; 
2023.10.20_16:26:46:045; 9.427500; 8.003000; 245.518000; 
2023.10.20_16:26:46:145; 9.884200; 7.994700; 245.518000; 
2023.10.20_16:26:46:245; 9.564200; 8.232600; 245.100500; 
2023.10.20_16:26:46:345; 9.722800; 8.287300; 244.880800; 
2023.10.20_16:26:46:445; 9.479500; 8.495100; 244.858800; 
2023.10.20_16:26:46:545; 9.553300; 8.555300; 244.858800; 
2023.10.20_16:26:46:645; 9.692800; 8.590800; 244.990700; 
2023.10.20_16:26:46:745; 9.621700; 8.383000; 246.397000; 
2023.10.20_16:26:46:845; 9.944300; 8.385800; 246.375000; 
2023.10.20_16:26:46:945; 9.681800; 8.251800; 246.353000; 
2023.10.20_16:26:47:045; 9.665400; 8.407600; 246.397000; 
2023.10.20_16:26:47:145; 9.629900; 8.563500; 247.693500; 
2023.10.20_16:26:47:245; 9.706400; 8.495100; 247.649500; 
2023.10.20_16:26:47:345; 9.471300; 8.391200; 247.605600; 
2023.10.20_16:26:47:445; 9.394700; 8.142400; 247.649500; 
2023.10.20_16:26:47:545; 9.504100; 8.194400; 245.474100; 
2023.10.20_16:26:47:645; 9.531400; 8.437700; 245.166500; 
2023.10.20_16:26:47:745; 9.413900; 8.281900; 245.254300; 
2023.10.20_16:26:47:845; 9.558800; 8.227200; 245.232400; 
2023.10.20_16:26:47:945; 9.802100; 8.366600; 242.837200; 
2023.10.20_16:26:48:045; 9.583400; 8.640000; 242.661400; 
2023.10.20_16:26:48:145; 9.443900; 8.325600; 242.661400; 
2023.10.20_16:26:48:245; 9.545100; 8.358400; 242.639500; 
2023.10.20_16:26:48:345; 9.657200; 8.131500; 241.892300; 
2023.10.20_16:26:48:445; 9.471300; 8.426800; 241.980200; 
2023.10.20_16:26:48:545; 9.433000; 8.404900; 242.002200; 
2023.10.20_16:26:48:645; 9.375600; 8.478700; 242.024200; 
2023.10.20_16:26:48:745; 9.268900; 8.322900; 242.178000; 
2023.10.20_16:26:48:845; 9.312700; 8.358400; 242.375800; 
2023.10.20_16:26:48:945; 9.009200; 8.309200; 242.375800; 
2023.10.20_16:26:49:045; 9.143200; 8.161500; 242.375800; 
2023.10.20_16:26:49:145; 9.080300; 8.399400; 242.353800; 
2023.10.20_16:26:49:245; 9.337300; 8.454100; 239.519100; 
2023.10.20_16:26:49:345; 8.973600; 8.229900; 239.387300; 
2023.10.20_16:26:49:445; 9.113100; 8.642800; 239.365300; 
2023.10.20_16:26:49:545; 9.083000; 8.320100; 239.321400; 
2023.10.20_16:26:49:645; 9.383800; 8.588100; 242.309800; 
2023.10.20_16:26:49:745; 8.916200; 8.257200; 241.980200; 
2023.10.20_16:26:49:845; 8.902500; 8.180700; 241.914300; 
2023.10.20_16:26:49:945; 8.998200; 7.726800; 241.914300; 
2023.10.20_16:26:50:045; 8.943600; 7.896300; 244.792900; 
2023.10.20_16:26:50:145; 9.104900; 7.956500; 244.705000; 
2023.10.20_16:26:50:245; 8.817800; 7.702200; 244.705000; 
2023.10.20_16:26:50:345; 8.836900; 7.874400; 244.705000; 
2023.10.20_16:26:50:445; 8.858800; 7.765100; 242.617500; 
2023.10.20_16:26:50:545; 8.634600; 7.770500; 242.749300; 
2023.10.20_16:26:50:645; 8.552500; 7.715800; 242.749300; 
2023.10.20_16:26:50:745; 8.577200; 7.912700; 242.683400; 
2023.10.20_16:26:50:845; 8.618200; 7.863500; 247.232000; 
2023.10.20_16:26:50:945; 8.541600; 8.027600; 247.451800; 
2023.10.20_16:26:51:045; 8.489700; 8.251800; 247.539600; 
2023.10.20_16:26:51:145; 8.462300; 7.978300; 247.583600; 
2023.10.20_16:26:51:245; 8.481500; 8.052200; 247.693500; 
2023.10.20_16:26:51:345; 8.525200; 7.855300; 248.132900; 
2023.10.20_16:26:51:445; 8.361100; 8.044000; 248.111000; 
2023.10.20_16:26:51:545; 8.377500; 8.044000; 248.132900; 
2023.10.20_16:26:51:645; 8.186100; 7.986500; 248.111000; 
2023.10.20_16:26:51:745; 8.426800; 8.126000; 245.518000; 
2023.10.20_16:26:51:845; 8.760400; 8.210800; 245.386200; 
2023.10.20_16:26:51:945; 8.374800; 8.095900; 245.320300; 
2023.10.20_16:26:52:045; 8.588100; 8.085000; 245.298300; 
2023.10.20_16:26:52:145; 8.339300; 7.704900; 240.354100; 
2023.10.20_16:26:52:245; 8.257200; 8.109600; 240.815600; 
2023.10.20_16:26:52:345; 8.175200; 8.486900; 240.903500; 
2023.10.20_16:26:52:445; 8.383000; 8.303700; 240.991400; 
2023.10.20_16:26:52:545; 8.216200; 8.238100; 243.474500; 
2023.10.20_16:26:52:645; 8.268200; 8.156100; 244.221600; 
2023.10.20_16:26:52:745; 8.169700; 8.172500; 244.045800; 
2023.10.20_16:26:52:845; 8.128700; 8.115100; 244.089700; 
2023.10.20_16:26:52:945; 8.210800; 8.279100; 243.276700; 
2023.10.20_16:26:53:045; 8.109600; 8.372100; 242.837200; 
2023.10.20_16:26:53:145; 8.177900; 8.197100; 242.815200; 
2023.10.20_16:26:53:245; 8.145100; 8.175200; 242.793300; 
2023.10.20_16:26:53:345; 8.197100; 8.205300; 242.947100; 
2023.10.20_16:26:53:445; 8.235400; 8.076800; 244.814900; 
2023.10.20_16:26:53:545; 7.970100; 8.208000; 244.727000; 
2023.10.20_16:26:53:645; 8.052200; 8.093200; 244.727000; 
2023.10.20_16:26:53:745; 8.115100; 8.421300; 244.573200; 
2023.10.20_16:26:53:845; 7.828000; 8.273600; 241.958300; 
2023.10.20_16:26:53:945; 7.786900; 8.462300; 242.024200; 
2023.10.20_16:26:54:045; 7.663900; 8.495100; 242.068100; 
2023.10.20_16:26:54:145; 7.833400; 8.314700; 242.090100; 
2023.10.20_16:26:54:245; 8.197100; 8.418600; 242.441700; 
2023.10.20_16:26:54:345; 8.210800; 8.202600; 242.507600; 
2023.10.20_16:26:54:445; 8.347500; 8.358400; 242.485600; 
2023.10.20_16:26:54:545; 8.380300; 8.205300; 242.485600; 
2023.10.20_16:26:54:645; 8.465000; 8.489700; 243.144900; 
2023.10.20_16:26:54:745; 8.610000; 8.265400; 243.035000; 
2023.10.20_16:26:54:845; 8.935300; 8.306500; 243.035000; 
2023.10.20_16:26:54:945; 8.724800; 8.295500; 243.035000; 
2023.10.20_16:26:55:045; 8.517000; 8.407600; 242.749300; 
2023.10.20_16:26:55:145; 8.522500; 8.331100; 242.221900; 
2023.10.20_16:26:55:245; 8.210800; 8.235400; 242.287900; 
2023.10.20_16:26:55:345; 8.451400; 8.044000; 242.287900; 
2023.10.20_16:26:55:445; 8.355700; 8.071300; 242.353800; 
2023.10.20_16:26:55:545; 8.503300; 8.044000; 245.540000; 
2023.10.20_16:26:55:645; 8.719300; 8.350200; 245.496100; 
2023.10.20_16:26:55:745; 8.558000; 7.858000; 245.474100; 
2023.10.20_16:26:55:845; 8.730300; 8.079500; 245.474100; 
2023.10.20_16:26:55:945; 8.661900; 8.344700; 246.133300; 
2023.10.20_16:26:56:045; 8.831400; 8.183400; 246.133300; 
2023.10.20_16:26:56:145; 8.828700; 8.361100; 246.133300; 
2023.10.20_16:26:56:245; 9.186900; 8.410400; 246.133300; 
2023.10.20_16:26:56:345; 9.091200; 8.776800; 239.475200; 
2023.10.20_16:26:56:445; 9.102100; 8.404900; 239.189500; 
2023.10.20_16:26:56:545; 9.195100; 8.396700; 239.189500; 
2023.10.20_16:26:56:645; 8.927100; 8.024800; 239.167600; 
2023.10.20_16:26:56:745; 9.383800; 8.112300; 244.705000; 
2023.10.20_16:26:56:845; 9.318200; 7.836200; 244.661100; 
2023.10.20_16:26:56:945; 9.342800; 7.694000; 244.639100; 
2023.10.20_16:26:57:045; 9.684500; 7.628400; 244.617100; 
2023.10.20_16:26:57:145; 9.561500; 7.956500; 244.287500; 
2023.10.20_16:26:57:245; 9.695500; 7.836200; 244.331400; 
2023.10.20_16:26:57:345; 10.302500; 7.803300; 244.331400; 
2023.10.20_16:26:57:445; 9.897800; 7.806100; 244.331400; 
2023.10.20_16:26:57:545; 9.616200; 7.811500; 244.507200; 
2023.10.20_16:26:57:645; 9.739200; 7.841600; 244.902800; 
2023.10.20_16:26:57:745; 9.545100; 7.696700; 244.902800; 
2023.10.20_16:26:57:845; 9.662700; 7.825200; 244.924700; 
2023.10.20_16:26:57:945; 9.353700; 7.387700; 244.902800; 
2023.10.20_16:26:58:045; 9.495900; 7.584600; 241.518800; 
2023.10.20_16:26:58:145; 9.471300; 7.735000; 241.364900; 
2023.10.20_16:26:58:245; 9.569700; 7.406900; 241.255100; 
2023.10.20_16:26:58:345; 9.484900; 7.603700; 241.277100; 
2023.10.20_16:26:58:445; 10.343500; 7.743200; 242.419700; 
2023.10.20_16:26:58:545; 10.130200; 7.677600; 242.375800; 
2023.10.20_16:26:58:645; 10.026300; 7.740500; 242.353800; 
2023.10.20_16:26:58:745; 10.001700; 7.923700; 242.375800; 
2023.10.20_16:26:58:845; 10.313400; 7.573700; 238.618200; 
2023.10.20_16:26:58:945; 10.294300; 7.606500; 238.925800; 
2023.10.20_16:26:59:045; 10.236900; 7.570900; 239.013700; 
2023.10.20_16:26:59:145; 10.316200; 7.352200; 239.013700; 
2023.10.20_16:26:59:245; 10.417300; 7.174500; 238.376500; 
2023.10.20_16:26:59:345; 10.308000; 7.199100; 238.310600; 
2023.10.20_16:26:59:445; 10.392700; 7.212700; 238.288600; 
2023.10.20_16:26:59:545; 10.193100; 7.062400; 238.288600; 
2023.10.20_16:26:59:645; 10.204100; 6.939300; 236.948200; 
2023.10.20_16:26:59:745; 10.081000; 7.062400; 236.552600; 
2023.10.20_16:26:59:845; 9.867700; 7.013100; 236.442800; 
2023.10.20_16:26:59:945; 9.692800; 7.283800; 236.442800; 
2023.10.20_16:27:00:045; 9.676300; 7.322100; 236.772400; 
2023.10.20_16:27:00:145; 9.903300; 7.294800; 239.101600; 
2023.10.20_16:27:00:245; 9.851300; 7.450600; 239.013700; 
2023.10.20_16:27:00:345; 9.799400; 7.278400; 238.991800; 
2023.10.20_16:27:00:445; 10.023600; 7.130700; 238.969800; 
2023.10.20_16:27:00:545; 9.963400; 6.972100; 237.849100; 
2023.10.20_16:27:00:645; 9.922400; 6.879200; 237.739200; 
2023.10.20_16:27:00:745; 9.813100; 6.985800; 237.717300; 
2023.10.20_16:27:00:845; 10.165800; 6.983100; 237.717300; 
2023.10.20_16:27:00:945; 9.829500; 7.114300; 236.970200; 
2023.10.20_16:27:01:045; 10.387300; 7.281100; 236.684500; 
2023.10.20_16:27:01:145; 10.009900; 7.092400; 236.684500; 
2023.10.20_16:27:01:245; 10.053700; 7.382300; 236.662500; 
2023.10.20_16:27:01:345; 10.089200; 7.428700; 236.596600; 
2023.10.20_16:27:01:445; 10.102900; 7.374100; 236.069200; 
2023.10.20_16:27:01:545; 10.100200; 7.308400; 236.113200; 
2023.10.20_16:27:01:645; 10.015400; 7.628400; 236.113200; 
2023.10.20_16:27:01:745; 9.974400; 7.535400; 237.563400; 
2023.10.20_16:27:01:845; 10.187700; 7.494400; 239.585100; 
2023.10.20_16:27:01:945; 10.108400; 7.631100; 239.453200; 
2023.10.20_16:27:02:045; 9.577900; 7.663900; 239.409300; 
2023.10.20_16:27:02:145; 9.646300; 7.655700; 239.409300; 
2023.10.20_16:27:02:245; 9.679100; 7.680300; 238.530300; 
2023.10.20_16:27:02:345; 9.304500; 7.934600; 238.420400; 
2023.10.20_16:27:02:445; 9.367400; 7.940100; 238.464400; 
2023.10.20_16:27:02:545; 9.249800; 7.732300; 238.420400; 
2023.10.20_16:27:02:645; 9.411100; 7.789700; 236.596600; 
2023.10.20_16:27:02:745; 9.654500; 7.713100; 236.860300; 
2023.10.20_16:27:02:845; 9.646300; 7.929100; 236.816300; 
2023.10.20_16:27:02:945; 9.681800; 7.989300; 236.816300; 
2023.10.20_16:27:03:045; 9.963400; 8.060400; 240.442000; 
2023.10.20_16:27:03:145; 9.938800; 8.106900; 240.090500; 
2023.10.20_16:27:03:245; 9.834900; 8.306500; 240.024500; 
2023.10.20_16:27:03:345; 10.007200; 8.186100; 239.958600; 
2023.10.20_16:27:03:445; 9.990800; 8.533400; 237.211900; 
2023.10.20_16:27:03:545; 9.840400; 8.260000; 234.553000; 
2023.10.20_16:27:03:645; 10.020900; 8.394000; 234.531000; 
2023.10.20_16:27:03:745; 10.113800; 8.473300; 234.597000; 
2023.10.20_16:27:03:845; 10.212300; 7.961900; 234.575000; 
2023.10.20_16:27:03:945; 10.081000; 7.964700; 234.069600; 
2023.10.20_16:27:04:045; 10.575900; 7.707600; 234.069600; 
2023.10.20_16:27:04:145; 10.160300; 7.748700; 234.069600; 
2023.10.20_16:27:04:245; 10.133000; 7.694000; 234.047600; 
2023.10.20_16:27:04:345; 9.897800; 7.521700; 236.354900; 
2023.10.20_16:27:04:445; 9.845900; 7.710400; 236.464800; 
2023.10.20_16:27:04:545; 10.176700; 7.975600; 236.464800; 
2023.10.20_16:27:04:645; 9.859500; 7.959200; 236.486700; 
2023.10.20_16:27:04:745; 9.824000; 8.161500; 233.959700; 
2023.10.20_16:27:04:845; 9.999000; 8.156100; 233.981700; 
2023.10.20_16:27:04:945; 9.711900; 7.967400; 233.981700; 
2023.10.20_16:27:05:045; 9.618900; 8.465000; 234.003700; 
2023.10.20_16:27:05:145; 9.873200; 8.268200; 236.354900; 
2023.10.20_16:27:05:245; 10.302500; 8.497900; 236.157100; 
2023.10.20_16:27:05:345; 10.379100; 8.254500; 236.201100; 
2023.10.20_16:27:05:445; 10.267000; 8.331100; 236.113200; 
2023.10.20_16:27:05:545; 10.294300; 8.396700; 236.640500; 
2023.10.20_16:27:05:645; 10.518500; 8.424000; 236.640500; 
2023.10.20_16:27:05:745; 10.521200; 8.421300; 236.662500; 
2023.10.20_16:27:05:845; 10.797400; 8.445900; 236.662500; 
2023.10.20_16:27:05:945; 10.824800; 8.273600; 237.321700; 
2023.10.20_16:27:06:045; 10.813800; 8.246300; 238.837900; 
2023.10.20_16:27:06:145; 10.827500; 8.164300; 238.794000; 
2023.10.20_16:27:06:245; 10.707200; 8.126000; 238.794000; 
2023.10.20_16:27:06:345; 10.786500; 8.156100; 238.794000; 
2023.10.20_16:27:06:445; 10.685300; 8.347500; 238.925800; 
2023.10.20_16:27:06:545; 10.786500; 8.030300; 238.903900; 
2023.10.20_16:27:06:645; 10.619700; 8.429500; 238.903900; 
2023.10.20_16:27:06:745; 10.452900; 8.268200; 238.903900; 
2023.10.20_16:27:06:845; 10.742700; 8.251800; 240.705700; 
2023.10.20_16:27:06:945; 10.857600; 8.240800; 240.617800; 
2023.10.20_16:27:07:045; 10.882200; 8.134200; 240.573900; 
2023.10.20_16:27:07:145; 10.709900; 8.623600; 240.508000; 
2023.10.20_16:27:07:245; 10.625100; 8.172500; 238.640200; 
2023.10.20_16:27:07:345; 10.854800; 8.506100; 238.486400; 
2023.10.20_16:27:07:445; 10.682600; 8.320100; 238.398500; 
2023.10.20_16:27:07:545; 10.570500; 8.571700; 238.398500; 
2023.10.20_16:27:07:645; 11.040800; 8.661900; 237.937000; 
2023.10.20_16:27:07:745; 11.002500; 8.916200; 235.585800; 
2023.10.20_16:27:07:845; 10.950500; 8.812300; 235.475900; 
2023.10.20_16:27:07:945; 10.863000; 9.085700; 235.453900; 
2023.10.20_16:27:08:045; 10.857600; 9.167800; 235.541800; 
2023.10.20_16:27:08:145; 11.182900; 9.375600; 235.651700; 
2023.10.20_16:27:08:245; 11.579400; 9.337300; 235.629700; 
2023.10.20_16:27:08:345; 11.658700; 9.681800; 235.651700; 
2023.10.20_16:27:08:445; 11.831000; 9.197800; 235.827500; 
2023.10.20_16:27:08:545; 11.729800; 9.151400; 238.530300; 
2023.10.20_16:27:08:645; 11.399000; 9.449400; 238.464400; 
