TimeStamp_UTC; mm_ws_110m[m/s]; mm_ws_60m[m/s]; mm_wd_110m[deg]; 
2023.10.20_16:36:08:745; 9.402900; 8.074000; 234.509100; 
2023.10.20_16:36:08:845; 9.022800; 7.838900; 234.377200; 
2023.10.20_16:36:08:945; 8.856100; 8.005700; 234.311300; 
2023.10.20_16:36:09:045; 8.981800; 7.920900; 234.311300; 
2023.10.20_16:36:09:145; 8.694700; 8.071300; 234.135500; 
2023.10.20_16:36:09:245; 8.869700; 7.694000; 234.201400; 
2023.10.20_16:36:09:345; 8.708400; 7.838900; 234.201400; 
2023.10.20_16:36:09:445; 8.834200; 8.167000; 234.179500; 
2023.10.20_16:36:09:545; 8.700200; 7.628400; 231.169000; 
2023.10.20_16:36:09:645; 8.790400; 7.663900; 231.520600; 
2023.10.20_16:36:09:745; 8.604500; 7.661200; 231.586500; 
2023.10.20_16:36:09:845; 8.754900; 7.663900; 231.586500; 
2023.10.20_16:36:09:945; 8.752200; 7.628400; 231.300900; 
2023.10.20_16:36:10:045; 8.681100; 8.120500; 230.773500; 
2023.10.20_16:36:10:145; 8.656400; 8.057600; 230.751500; 
2023.10.20_16:36:10:245; 8.651000; 8.363900; 230.729500; 
2023.10.20_16:36:10:345; 8.448600; 8.311900; 230.795500; 
2023.10.20_16:36:10:445; 8.445900; 8.301000; 232.311700; 
2023.10.20_16:36:10:545; 8.260000; 8.812300; 232.289700; 
2023.10.20_16:36:10:645; 8.377500; 8.752200; 232.311700; 
2023.10.20_16:36:10:745; 8.476000; 8.850600; 232.267700; 
2023.10.20_16:36:10:845; 8.511500; 8.533400; 232.751100; 
2023.10.20_16:36:10:945; 8.399400; 8.571700; 232.773100; 
2023.10.20_16:36:11:045; 8.448600; 8.303700; 232.773100; 
2023.10.20_16:36:11:145; 8.938100; 8.331100; 232.773100; 
2023.10.20_16:36:11:245; 8.465000; 8.219000; 235.783600; 
2023.10.20_16:36:11:345; 8.588100; 8.038500; 235.893400; 
2023.10.20_16:36:11:445; 8.415800; 8.287300; 235.893400; 
2023.10.20_16:36:11:545; 8.596300; 8.221700; 235.849500; 
2023.10.20_16:36:11:645; 8.495100; 8.221700; 235.805500; 
2023.10.20_16:36:11:745; 8.856100; 8.221700; 235.783600; 
2023.10.20_16:36:11:845; 8.702900; 8.112300; 235.805500; 
2023.10.20_16:36:11:945; 9.252500; 8.344700; 235.805500; 
2023.10.20_16:36:12:045; 8.949000; 8.224400; 238.596200; 
2023.10.20_16:36:12:145; 9.405600; 8.292800; 238.508300; 
2023.10.20_16:36:12:245; 8.990000; 8.068600; 238.508300; 
2023.10.20_16:36:12:345; 9.014600; 8.260000; 238.530300; 
2023.10.20_16:36:12:445; 9.167800; 8.109600; 238.244600; 
2023.10.20_16:36:12:545; 9.178700; 8.191600; 236.948200; 
2023.10.20_16:36:12:645; 9.195100; 8.481500; 237.058000; 
2023.10.20_16:36:12:745; 9.129500; 8.473300; 237.036100; 
2023.10.20_16:36:12:845; 9.104900; 8.519700; 237.014100; 
2023.10.20_16:36:12:945; 9.233400; 8.336500; 237.431600; 
2023.10.20_16:36:13:045; 8.962700; 8.481500; 237.475600; 
2023.10.20_16:36:13:145; 9.102100; 8.208000; 237.475600; 
2023.10.20_16:36:13:245; 9.011900; 8.350200; 237.475600; 
2023.10.20_16:36:13:345; 9.219700; 8.164300; 239.892700; 
2023.10.20_16:36:13:445; 9.189600; 8.128700; 239.738900; 
2023.10.20_16:36:13:545; 9.042000; 8.476000; 239.716900; 
2023.10.20_16:36:13:645; 9.017400; 8.547100; 239.716900; 
2023.10.20_16:36:13:745; 8.921700; 9.028300; 230.839400; 
2023.10.20_16:36:13:845; 9.214200; 8.976400; 231.718400; 
2023.10.20_16:36:13:945; 8.992800; 9.102100; 231.894200; 
2023.10.20_16:36:14:045; 9.126700; 9.036500; 231.916100; 
2023.10.20_16:36:14:145; 9.058400; 9.085700; 232.135900; 
2023.10.20_16:36:14:245; 9.569700; 9.370100; 232.179800; 
2023.10.20_16:36:14:345; 9.236100; 9.277100; 232.201800; 
2023.10.20_16:36:14:445; 9.189600; 9.523200; 232.201800; 
2023.10.20_16:36:14:545; 9.550600; 9.534200; 232.531400; 
2023.10.20_16:36:14:645; 9.550600; 9.334600; 232.729200; 
2023.10.20_16:36:14:745; 9.739200; 9.739200; 232.729200; 
2023.10.20_16:36:14:845; 9.793900; 9.446700; 232.751100; 
2023.10.20_16:36:14:945; 10.007200; 9.542400; 232.883000; 
2023.10.20_16:36:15:045; 9.780200; 9.567000; 234.399200; 
2023.10.20_16:36:15:145; 9.963400; 9.605300; 234.311300; 
2023.10.20_16:36:15:245; 9.840400; 9.476700; 234.311300; 
2023.10.20_16:36:15:345; 10.004500; 9.679100; 234.333300; 
2023.10.20_16:36:15:445; 9.843100; 9.268900; 231.147000; 
2023.10.20_16:36:15:545; 10.234100; 9.750200; 230.927300; 
2023.10.20_16:36:15:645; 10.135700; 9.151400; 230.883400; 
2023.10.20_16:36:15:745; 9.919700; 9.309900; 230.883400; 
2023.10.20_16:36:15:845; 10.163100; 9.176000; 229.542900; 
2023.10.20_16:36:15:945; 10.441900; 9.033800; 229.696800; 
2023.10.20_16:36:16:045; 10.384500; 9.241600; 229.696800; 
2023.10.20_16:36:16:145; 10.100200; 8.880700; 229.696800; 
2023.10.20_16:36:16:245; 10.029100; 9.011900; 230.861400; 
2023.10.20_16:36:16:345; 10.310700; 8.902500; 231.894200; 
2023.10.20_16:36:16:445; 10.422800; 9.126700; 231.960100; 
2023.10.20_16:36:16:545; 10.228700; 9.173200; 231.982100; 
2023.10.20_16:36:16:645; 10.294300; 9.124000; 232.157900; 
2023.10.20_16:36:16:745; 10.305200; 9.271700; 232.531400; 
2023.10.20_16:36:16:845; 10.488400; 9.181400; 232.531400; 
2023.10.20_16:36:16:945; 10.797400; 9.285300; 232.531400; 
2023.10.20_16:36:17:045; 10.305200; 9.200600; 232.465500; 
2023.10.20_16:36:17:145; 10.042700; 8.913500; 230.927300; 
2023.10.20_16:36:17:245; 9.832200; 8.990000; 230.927300; 
2023.10.20_16:36:17:345; 10.081000; 8.752200; 230.971300; 
2023.10.20_16:36:17:445; 10.078300; 8.787700; 231.015200; 
2023.10.20_16:36:17:545; 10.105600; 8.566200; 236.223000; 
2023.10.20_16:36:17:645; 10.092000; 8.596300; 236.179100; 
2023.10.20_16:36:17:745; 10.182200; 8.648200; 236.245000; 
2023.10.20_16:36:17:845; 9.906000; 8.847900; 236.267000; 
2023.10.20_16:36:17:945; 9.947000; 8.957200; 235.827500; 
2023.10.20_16:36:18:045; 10.026300; 9.017400; 235.805500; 
2023.10.20_16:36:18:145; 10.081000; 9.309900; 235.805500; 
2023.10.20_16:36:18:245; 9.859500; 9.933400; 235.827500; 
2023.10.20_16:36:18:345; 9.982600; 9.572400; 238.332500; 
2023.10.20_16:36:18:445; 10.086500; 9.370100; 238.178700; 
2023.10.20_16:36:18:545; 9.971600; 9.802100; 238.244600; 
2023.10.20_16:36:18:645; 9.886900; 9.687300; 238.244600; 
2023.10.20_16:36:18:745; 10.395500; 9.446700; 236.904200; 
2023.10.20_16:36:18:845; 10.146600; 9.657200; 230.685600; 
2023.10.20_16:36:18:945; 9.958000; 9.526000; 230.927300; 
2023.10.20_16:36:19:045; 9.906000; 9.315400; 230.993200; 
2023.10.20_16:36:19:145; 10.160300; 9.463100; 231.037200; 
2023.10.20_16:36:19:245; 9.993500; 9.474000; 232.883000; 
2023.10.20_16:36:19:345; 10.078300; 9.493100; 232.905000; 
2023.10.20_16:36:19:445; 10.195900; 9.383800; 232.883000; 
2023.10.20_16:36:19:545; 10.436500; 9.233400; 232.883000; 
2023.10.20_16:36:19:645; 10.212300; 9.545100; 231.388800; 
2023.10.20_16:36:19:745; 10.198600; 9.490400; 231.278900; 
2023.10.20_16:36:19:845; 10.204100; 9.438500; 231.278900; 
2023.10.20_16:36:19:945; 10.600500; 9.695500; 231.256900; 
2023.10.20_16:36:20:045; 10.253300; 9.673600; 231.366800; 
2023.10.20_16:36:20:145; 10.184900; 9.706400; 231.344800; 
2023.10.20_16:36:20:245; 9.971600; 10.305200; 231.366800; 
2023.10.20_16:36:20:345; 10.267000; 9.999000; 231.366800; 
2023.10.20_16:36:20:445; 10.100200; 9.654500; 230.465900; 
2023.10.20_16:36:20:545; 9.963400; 9.851300; 230.553700; 
2023.10.20_16:36:20:645; 10.040000; 9.408400; 230.575700; 
2023.10.20_16:36:20:745; 10.198600; 9.591600; 230.553700; 
2023.10.20_16:36:20:845; 10.083800; 9.621700; 228.246500; 
2023.10.20_16:36:20:945; 10.195900; 9.482200; 228.004800; 
2023.10.20_16:36:21:045; 10.075600; 9.285300; 227.982800; 
2023.10.20_16:36:21:145; 10.723600; 9.312700; 227.938800; 
2023.10.20_16:36:21:245; 10.308000; 9.104900; 228.070700; 
2023.10.20_16:36:21:345; 10.313400; 9.479500; 229.564900; 
2023.10.20_16:36:21:445; 10.343500; 9.020100; 229.477000; 
2023.10.20_16:36:21:545; 10.187700; 8.979100; 229.455000; 
2023.10.20_16:36:21:645; 10.469300; 9.547800; 229.455000; 
2023.10.20_16:36:21:745; 10.023600; 9.495900; 231.718400; 
2023.10.20_16:36:21:845; 9.875900; 9.337300; 231.432700; 
2023.10.20_16:36:21:945; 9.917000; 9.096700; 231.432700; 
2023.10.20_16:36:22:045; 10.206800; 9.159600; 231.476700; 
2023.10.20_16:36:22:145; 10.100200; 9.151400; 232.575300; 
2023.10.20_16:36:22:245; 9.840400; 8.992800; 232.421500; 
2023.10.20_16:36:22:345; 10.543100; 9.017400; 232.421500; 
2023.10.20_16:36:22:445; 10.250500; 8.648200; 232.399600; 
2023.10.20_16:36:22:545; 9.897800; 8.659200; 233.234600; 
2023.10.20_16:36:22:645; 10.020900; 8.607200; 233.146700; 
2023.10.20_16:36:22:745; 10.376300; 8.678300; 233.124700; 
2023.10.20_16:36:22:845; 10.480200; 8.571700; 233.124700; 
2023.10.20_16:36:22:945; 10.614200; 8.593600; 232.619300; 
2023.10.20_16:36:23:045; 10.515800; 8.473300; 232.311700; 
2023.10.20_16:36:23:145; 10.603300; 8.612700; 232.289700; 
2023.10.20_16:36:23:245; 10.335300; 8.683800; 232.311700; 
2023.10.20_16:36:23:345; 11.122800; 8.558000; 232.091900; 
2023.10.20_16:36:23:445; 10.595100; 8.492400; 231.872200; 
2023.10.20_16:36:23:545; 10.392700; 8.415800; 231.872200; 
2023.10.20_16:36:23:645; 10.450200; 8.429500; 231.850200; 
2023.10.20_16:36:23:745; 10.477500; 8.402200; 231.916100; 
2023.10.20_16:36:23:845; 10.556800; 8.629100; 232.992900; 
2023.10.20_16:36:23:945; 10.641600; 8.391200; 232.905000; 
2023.10.20_16:36:24:045; 10.791900; 8.541600; 232.926900; 
2023.10.20_16:36:24:145; 10.630600; 8.344700; 232.926900; 
2023.10.20_16:36:24:245; 10.513000; 8.508800; 232.135900; 
2023.10.20_16:36:24:345; 10.228700; 8.454100; 232.091900; 
2023.10.20_16:36:24:445; 10.174000; 8.774000; 232.091900; 
2023.10.20_16:36:24:545; 10.447400; 8.585400; 232.091900; 
2023.10.20_16:36:24:645; 10.562300; 8.867000; 231.322800; 
2023.10.20_16:36:24:745; 10.431000; 8.888900; 231.344800; 
2023.10.20_16:36:24:845; 10.215000; 9.266200; 231.300900; 
2023.10.20_16:36:24:945; 10.439200; 9.031000; 231.300900; 
2023.10.20_16:36:25:045; 10.365400; 9.003700; 231.103100; 
2023.10.20_16:36:25:145; 10.201300; 8.369300; 230.641600; 
2023.10.20_16:36:25:245; 9.793900; 8.514300; 230.641600; 
2023.10.20_16:36:25:345; 10.425500; 8.232600; 230.641600; 
2023.10.20_16:36:25:445; 9.881400; 8.456800; 230.443900; 
2023.10.20_16:36:25:545; 9.575200; 8.358400; 229.828600; 
2023.10.20_16:36:25:645; 9.670900; 8.519700; 229.828600; 
2023.10.20_16:36:25:745; 9.722800; 8.394000; 229.850600; 
2023.10.20_16:36:25:845; 9.780200; 8.500600; 229.828600; 
2023.10.20_16:36:25:945; 9.583400; 8.350200; 230.685600; 
2023.10.20_16:36:26:045; 9.720100; 8.571700; 230.663600; 
2023.10.20_16:36:26:145; 9.725600; 8.484200; 230.685600; 
2023.10.20_16:36:26:245; 9.714600; 8.314700; 230.663600; 
2023.10.20_16:36:26:345; 9.796700; 8.497900; 229.784700; 
2023.10.20_16:36:26:445; 9.487700; 8.027600; 229.740700; 
2023.10.20_16:36:26:545; 9.580600; 8.106900; 229.696800; 
2023.10.20_16:36:26:645; 9.504100; 8.019400; 229.696800; 
2023.10.20_16:36:26:745; 9.356400; 7.893600; 231.388800; 
2023.10.20_16:36:26:845; 9.342800; 7.931900; 231.366800; 
2023.10.20_16:36:26:945; 9.465800; 7.937300; 231.388800; 
2023.10.20_16:36:27:045; 9.277100; 8.041200; 231.366800; 
2023.10.20_16:36:27:145; 9.299000; 8.208000; 232.069900; 
2023.10.20_16:36:27:245; 9.091200; 8.038500; 232.113900; 
2023.10.20_16:36:27:345; 9.252500; 8.164300; 232.135900; 
2023.10.20_16:36:27:445; 8.897100; 7.726800; 232.157900; 
2023.10.20_16:36:27:545; 8.894300; 7.877200; 232.135900; 
2023.10.20_16:36:27:645; 8.864300; 7.981100; 231.608500; 
2023.10.20_16:36:27:745; 9.099400; 7.863500; 231.652500; 
2023.10.20_16:36:27:845; 9.208800; 7.756900; 231.652500; 
2023.10.20_16:36:27:945; 9.022800; 7.611900; 231.652500; 
2023.10.20_16:36:28:045; 9.367400; 7.535400; 230.927300; 
2023.10.20_16:36:28:145; 9.050200; 7.220900; 230.839400; 
2023.10.20_16:36:28:245; 8.973600; 7.262000; 230.839400; 
2023.10.20_16:36:28:345; 8.880700; 7.330300; 230.817400; 
2023.10.20_16:36:28:445; 8.828700; 7.160800; 233.630100; 
2023.10.20_16:36:28:545; 8.823200; 7.352200; 233.761900; 
2023.10.20_16:36:28:645; 8.888900; 7.368600; 233.915800; 
2023.10.20_16:36:28:745; 8.856100; 7.702200; 233.827900; 
2023.10.20_16:36:28:845; 8.702900; 7.631100; 227.741100; 
2023.10.20_16:36:28:945; 8.943600; 8.003000; 228.290400; 
2023.10.20_16:36:29:045; 8.801400; 8.358400; 228.444200; 
2023.10.20_16:36:29:145; 8.924400; 8.235400; 228.444200; 
2023.10.20_16:36:29:245; 8.569000; 8.530700; 229.235300; 
2023.10.20_16:36:29:345; 8.730300; 8.497900; 229.169400; 
2023.10.20_16:36:29:445; 8.363900; 8.733000; 229.147400; 
2023.10.20_16:36:29:545; 8.601800; 8.459600; 229.147400; 
2023.10.20_16:36:29:645; 8.410400; 8.418600; 232.948900; 
2023.10.20_16:36:29:745; 8.651000; 8.333800; 234.289300; 
2023.10.20_16:36:29:845; 8.604500; 8.599000; 234.399200; 
2023.10.20_16:36:29:945; 8.678300; 8.276400; 234.443100; 
2023.10.20_16:36:30:045; 8.648200; 8.126000; 234.772800; 
2023.10.20_16:36:30:145; 8.670100; 8.109600; 240.837600; 
2023.10.20_16:36:30:245; 8.683800; 8.153300; 240.398100; 
2023.10.20_16:36:30:345; 8.661900; 7.795100; 240.595900; 
2023.10.20_16:36:30:445; 8.604500; 7.869000; 240.551900; 
2023.10.20_16:36:30:545; 8.735700; 7.699400; 241.167200; 
2023.10.20_16:36:30:645; 8.672900; 7.841600; 241.145200; 
2023.10.20_16:36:30:745; 8.771300; 7.934600; 241.189200; 
2023.10.20_16:36:30:845; 8.692000; 7.461600; 241.167200; 
2023.10.20_16:36:30:945; 8.867000; 7.415100; 240.464000; 
2023.10.20_16:36:31:045; 8.850600; 7.453400; 240.551900; 
2023.10.20_16:36:31:145; 8.987300; 7.491600; 240.551900; 
2023.10.20_16:36:31:245; 8.713900; 7.387700; 240.551900; 
2023.10.20_16:36:31:345; 8.960000; 7.426000; 239.804800; 
2023.10.20_16:36:31:445; 8.620900; 7.368600; 239.892700; 
2023.10.20_16:36:31:545; 8.836900; 7.144400; 239.870700; 
2023.10.20_16:36:31:645; 8.374800; 6.972100; 239.870700; 
2023.10.20_16:36:31:745; 8.713900; 6.991300; 239.387300; 
2023.10.20_16:36:31:845; 8.470500; 7.237300; 238.750000; 
2023.10.20_16:36:31:945; 8.730300; 7.694000; 238.706100; 
2023.10.20_16:36:32:045; 8.448600; 7.327600; 238.706100; 
2023.10.20_16:36:32:145; 8.634600; 7.453400; 238.310600; 
2023.10.20_16:36:32:245; 8.511500; 7.532700; 237.189900; 
2023.10.20_16:36:32:345; 8.577200; 7.472500; 237.211900; 
2023.10.20_16:36:32:445; 8.563500; 7.379500; 237.211900; 
2023.10.20_16:36:32:545; 8.497900; 7.543600; 237.211900; 
2023.10.20_16:36:32:645; 8.361100; 7.937300; 236.420800; 
2023.10.20_16:36:32:745; 8.620900; 7.685800; 236.420800; 
2023.10.20_16:36:32:845; 8.486900; 7.931900; 236.442800; 
2023.10.20_16:36:32:945; 8.352900; 7.956500; 236.420800; 
2023.10.20_16:36:33:045; 8.363900; 7.994700; 235.937400; 
2023.10.20_16:36:33:145; 8.235400; 8.063100; 235.959400; 
2023.10.20_16:36:33:245; 8.339300; 8.068600; 235.937400; 
2023.10.20_16:36:33:345; 8.063100; 7.934600; 235.937400; 
2023.10.20_16:36:33:445; 8.481500; 8.101400; 233.608100; 
2023.10.20_16:36:33:545; 8.486900; 7.844400; 233.454300; 
2023.10.20_16:36:33:645; 8.486900; 7.863500; 233.388400; 
2023.10.20_16:36:33:745; 8.924400; 8.342000; 233.344400; 
2023.10.20_16:36:33:845; 8.782200; 8.022100; 234.377200; 
2023.10.20_16:36:33:945; 9.173200; 8.243600; 238.332500; 
2023.10.20_16:36:34:045; 8.743900; 8.314700; 238.200700; 
2023.10.20_16:36:34:145; 9.129500; 8.700200; 238.134800; 
2023.10.20_16:36:34:245; 8.929900; 8.607200; 237.937000; 
2023.10.20_16:36:34:345; 8.856100; 8.588100; 236.530700; 
2023.10.20_16:36:34:445; 9.036500; 8.645500; 236.530700; 
2023.10.20_16:36:34:545; 8.856100; 8.661900; 236.574600; 
2023.10.20_16:36:34:645; 9.178700; 8.831400; 236.596600; 
2023.10.20_16:36:34:745; 8.965400; 9.036500; 238.222700; 
2023.10.20_16:36:34:845; 9.011900; 9.072100; 238.310600; 
2023.10.20_16:36:34:945; 8.883400; 9.093900; 238.288600; 
2023.10.20_16:36:35:045; 8.727500; 8.981800; 238.310600; 
2023.10.20_16:36:35:145; 8.426800; 9.249800; 240.683800; 
2023.10.20_16:36:35:245; 8.590800; 9.148600; 240.881500; 
2023.10.20_16:36:35:345; 8.295500; 9.613500; 240.881500; 
2023.10.20_16:36:35:445; 8.664700; 9.121300; 240.925500; 
2023.10.20_16:36:35:545; 8.533400; 9.036500; 241.321000; 
2023.10.20_16:36:35:645; 8.823200; 9.351000; 241.299000; 
2023.10.20_16:36:35:745; 8.820500; 8.979100; 241.277100; 
2023.10.20_16:36:35:845; 9.260700; 9.132200; 241.277100; 
2023.10.20_16:36:35:945; 9.121300; 8.801400; 239.694900; 
2023.10.20_16:36:36:045; 9.173200; 8.913500; 239.167600; 
2023.10.20_16:36:36:145; 8.891600; 8.506100; 239.101600; 
2023.10.20_16:36:36:245; 8.940800; 8.497900; 239.079700; 
2023.10.20_16:36:36:345; 8.774000; 8.265400; 239.013700; 
2023.10.20_16:36:36:445; 8.754900; 8.410400; 237.519500; 
2023.10.20_16:36:36:545; 8.795900; 8.011200; 237.541500; 
2023.10.20_16:36:36:645; 8.738500; 8.191600; 237.563400; 
2023.10.20_16:36:36:745; 8.522500; 8.525200; 237.607400; 
2023.10.20_16:36:36:845; 8.694700; 8.205300; 240.288200; 
2023.10.20_16:36:36:945; 8.511500; 8.342000; 239.914700; 
2023.10.20_16:36:37:045; 8.683800; 8.074000; 240.002600; 
2023.10.20_16:36:37:145; 8.651000; 8.027600; 239.980600; 
2023.10.20_16:36:37:245; 8.743900; 7.879900; 241.123200; 
2023.10.20_16:36:37:345; 8.962700; 7.978300; 241.211100; 
2023.10.20_16:36:37:445; 8.601800; 7.817000; 241.189200; 
2023.10.20_16:36:37:545; 9.058400; 7.981100; 241.167200; 
2023.10.20_16:36:37:645; 8.527900; 7.674800; 238.288600; 
2023.10.20_16:36:37:745; 8.631800; 8.003000; 237.453600; 
2023.10.20_16:36:37:845; 8.522500; 8.306500; 237.299800; 
2023.10.20_16:36:37:945; 8.574400; 7.849800; 237.299800; 
2023.10.20_16:36:38:045; 8.678300; 8.352900; 239.475200; 
2023.10.20_16:36:38:145; 8.489700; 7.953700; 239.233500; 
2023.10.20_16:36:38:245; 8.615400; 8.063100; 239.211500; 
2023.10.20_16:36:38:345; 9.055700; 7.811500; 239.211500; 
2023.10.20_16:36:38:445; 8.702900; 7.576400; 237.849100; 
2023.10.20_16:36:38:545; 9.173200; 7.650200; 236.662500; 
2023.10.20_16:36:38:645; 8.566200; 7.691200; 236.596600; 
2023.10.20_16:36:38:745; 8.610000; 7.822500; 236.552600; 
2023.10.20_16:36:38:845; 8.306500; 7.502600; 236.574600; 
2023.10.20_16:36:38:945; 8.506100; 7.590100; 240.002600; 
2023.10.20_16:36:39:045; 8.301000; 7.486200; 239.870700; 
2023.10.20_16:36:39:145; 8.227200; 7.319400; 239.936600; 
2023.10.20_16:36:39:245; 8.071300; 7.117000; 239.914700; 
2023.10.20_16:36:39:345; 8.153300; 7.147100; 242.419700; 
2023.10.20_16:36:39:445; 8.175200; 7.070600; 242.419700; 
2023.10.20_16:36:39:545; 7.992000; 7.308400; 242.375800; 
2023.10.20_16:36:39:645; 8.309200; 7.606500; 242.375800; 
2023.10.20_16:36:39:745; 8.219000; 7.423300; 244.309500; 
2023.10.20_16:36:39:845; 8.388500; 7.319400; 244.133700; 
2023.10.20_16:36:39:945; 8.177900; 7.256500; 244.155700; 
2023.10.20_16:36:40:045; 8.254500; 7.510800; 244.177600; 
2023.10.20_16:36:40:145; 8.448600; 7.776000; 240.464000; 
2023.10.20_16:36:40:245; 8.661900; 7.467000; 240.420100; 
2023.10.20_16:36:40:345; 8.733000; 7.494400; 240.332200; 
2023.10.20_16:36:40:445; 8.850600; 7.631100; 240.310200; 
2023.10.20_16:36:40:545; 9.009200; 7.598300; 241.430900; 
2023.10.20_16:36:40:645; 8.891600; 7.562700; 244.485300; 
2023.10.20_16:36:40:745; 8.897100; 7.658400; 244.397400; 
2023.10.20_16:36:40:845; 8.861500; 7.672100; 244.397400; 
2023.10.20_16:36:40:945; 8.886100; 7.458800; 244.265500; 
2023.10.20_16:36:41:045; 9.181400; 7.699400; 243.606300; 
2023.10.20_16:36:41:145; 8.782200; 7.584600; 243.628300; 
2023.10.20_16:36:41:245; 8.697500; 7.650200; 243.628300; 
2023.10.20_16:36:41:345; 8.566200; 7.702200; 243.650300; 
2023.10.20_16:36:41:445; 8.610000; 7.948300; 244.529200; 
2023.10.20_16:36:41:545; 8.637300; 8.112300; 244.573200; 
2023.10.20_16:36:41:645; 8.842400; 7.940100; 244.573200; 
2023.10.20_16:36:41:745; 8.577200; 8.429500; 244.595100; 
2023.10.20_16:36:41:845; 8.574400; 8.251800; 242.771300; 
2023.10.20_16:36:41:945; 8.525200; 8.560700; 242.617500; 
2023.10.20_16:36:42:045; 8.454100; 8.549800; 242.661400; 
2023.10.20_16:36:42:145; 8.563500; 9.003700; 242.661400; 
2023.10.20_16:36:42:245; 8.552500; 9.006400; 245.166500; 
2023.10.20_16:36:42:345; 8.541600; 9.673600; 246.353000; 
2023.10.20_16:36:42:445; 8.511500; 9.296300; 246.440900; 
2023.10.20_16:36:42:545; 8.538900; 9.400200; 246.462900; 
2023.10.20_16:36:42:645; 8.503300; 9.361900; 246.133300; 
2023.10.20_16:36:42:745; 8.651000; 9.148600; 242.815200; 
2023.10.20_16:36:42:845; 8.626400; 9.449400; 242.947100; 
2023.10.20_16:36:42:945; 8.629100; 9.345500; 243.013000; 
2023.10.20_16:36:43:045; 8.555300; 9.474000; 243.232700; 
2023.10.20_16:36:43:145; 8.790400; 9.676300; 247.935200; 
2023.10.20_16:36:43:245; 8.517000; 9.670900; 247.781400; 
2023.10.20_16:36:43:345; 8.519700; 9.515000; 247.759400; 
2023.10.20_16:36:43:445; 8.120500; 9.632600; 247.715400; 
2023.10.20_16:36:43:545; 8.153300; 9.356400; 244.529200; 
2023.10.20_16:36:43:645; 8.153300; 9.219700; 244.265500; 
2023.10.20_16:36:43:745; 7.934600; 9.312700; 244.221600; 
2023.10.20_16:36:43:845; 8.208000; 9.102100; 244.199600; 
2023.10.20_16:36:43:945; 8.016600; 9.263500; 243.408500; 
2023.10.20_16:36:44:045; 8.082200; 9.156800; 243.364600; 
2023.10.20_16:36:44:145; 8.115100; 9.266200; 243.364600; 
2023.10.20_16:36:44:245; 8.098700; 9.359200; 243.364600; 
2023.10.20_16:36:44:345; 8.317400; 9.531400; 242.507600; 
2023.10.20_16:36:44:445; 8.134200; 9.769300; 242.639500; 
2023.10.20_16:36:44:545; 8.134200; 9.599800; 242.639500; 
2023.10.20_16:36:44:645; 8.112300; 9.364600; 242.639500; 
2023.10.20_16:36:44:745; 8.063100; 9.602500; 242.024200; 
2023.10.20_16:36:44:845; 8.005700; 9.673600; 241.189200; 
2023.10.20_16:36:44:945; 7.879900; 9.353700; 241.189200; 
2023.10.20_16:36:45:045; 8.074000; 9.203300; 241.189200; 
2023.10.20_16:36:45:145; 7.814300; 9.135000; 241.211100; 
2023.10.20_16:36:45:245; 7.683000; 9.337300; 243.716200; 
2023.10.20_16:36:45:345; 7.858000; 8.910700; 243.760100; 
2023.10.20_16:36:45:445; 7.877200; 9.033800; 243.782100; 
2023.10.20_16:36:45:545; 7.940100; 8.938100; 243.782100; 
2023.10.20_16:36:45:645; 8.000200; 9.140400; 245.693800; 
2023.10.20_16:36:45:745; 8.033000; 9.331800; 245.715800; 
2023.10.20_16:36:45:845; 7.907300; 9.124000; 245.715800; 
2023.10.20_16:36:45:945; 8.128700; 9.290800; 245.715800; 
2023.10.20_16:36:46:045; 8.306500; 9.217000; 242.331800; 
2023.10.20_16:36:46:145; 7.983800; 9.102100; 242.419700; 
2023.10.20_16:36:46:245; 8.030300; 9.124000; 242.485600; 
2023.10.20_16:36:46:345; 7.896300; 8.763100; 242.463700; 
2023.10.20_16:36:46:445; 7.961900; 8.779500; 242.397700; 
2023.10.20_16:36:46:545; 8.197100; 8.462300; 242.397700; 
2023.10.20_16:36:46:645; 8.126000; 8.569000; 242.397700; 
2023.10.20_16:36:46:745; 8.139700; 8.377500; 242.375800; 
2023.10.20_16:36:46:845; 8.082200; 8.541600; 245.012600; 
2023.10.20_16:36:46:945; 8.101400; 8.374800; 245.210400; 
2023.10.20_16:36:47:045; 8.216200; 8.476000; 245.298300; 
2023.10.20_16:36:47:145; 8.101400; 8.467800; 245.342200; 
2023.10.20_16:36:47:245; 8.342000; 8.336500; 244.683000; 
2023.10.20_16:36:47:345; 8.126000; 8.265400; 242.243900; 
2023.10.20_16:36:47:445; 8.106900; 8.164300; 242.265900; 
2023.10.20_16:36:47:545; 8.123300; 8.079500; 242.331800; 
2023.10.20_16:36:47:645; 7.937300; 8.049400; 242.331800; 
2023.10.20_16:36:47:745; 8.112300; 7.852600; 240.639800; 
2023.10.20_16:36:47:845; 7.915500; 7.822500; 240.573900; 
2023.10.20_16:36:47:945; 7.855300; 8.213500; 240.529900; 
2023.10.20_16:36:48:045; 7.803300; 7.877200; 240.529900; 
2023.10.20_16:36:48:145; 7.737700; 8.164300; 240.617800; 
2023.10.20_16:36:48:245; 7.710400; 8.161500; 240.617800; 
2023.10.20_16:36:48:345; 7.688500; 8.254500; 240.639800; 
2023.10.20_16:36:48:445; 8.134200; 8.262700; 240.617800; 
2023.10.20_16:36:48:545; 7.740500; 8.082200; 235.519900; 
2023.10.20_16:36:48:645; 8.022100; 8.041200; 234.333300; 
2023.10.20_16:36:48:745; 7.997500; 8.106900; 233.959700; 
2023.10.20_16:36:48:845; 8.063100; 8.199800; 234.069600; 
2023.10.20_16:36:48:945; 8.260000; 8.497900; 233.981700; 
2023.10.20_16:36:49:045; 8.044000; 8.257200; 233.937700; 
2023.10.20_16:36:49:145; 7.956500; 8.527900; 233.915800; 
2023.10.20_16:36:49:245; 7.830700; 8.142400; 233.937700; 
2023.10.20_16:36:49:345; 7.707600; 8.128700; 233.718000; 
2023.10.20_16:36:49:445; 7.745900; 8.404900; 230.927300; 
2023.10.20_16:36:49:545; 7.721300; 8.265400; 231.037200; 
2023.10.20_16:36:49:645; 7.529900; 8.713900; 231.037200; 
2023.10.20_16:36:49:745; 7.633800; 8.383000; 231.059100; 
2023.10.20_16:36:49:845; 7.677600; 8.678300; 230.795500; 
2023.10.20_16:36:49:945; 7.505300; 8.478700; 230.795500; 
2023.10.20_16:36:50:045; 7.379500; 8.664700; 230.795500; 
2023.10.20_16:36:50:145; 7.568200; 8.363900; 230.773500; 
2023.10.20_16:36:50:245; 7.718600; 8.599000; 229.938500; 
2023.10.20_16:36:50:345; 7.540900; 8.735700; 229.784700; 
2023.10.20_16:36:50:445; 7.726800; 8.929900; 229.850600; 
2023.10.20_16:36:50:545; 7.737700; 8.954500; 229.850600; 
2023.10.20_16:36:50:645; 7.661200; 9.039300; 228.664000; 
2023.10.20_16:36:50:745; 7.628400; 8.801400; 228.795800; 
2023.10.20_16:36:50:845; 7.975600; 9.206000; 228.795800; 
2023.10.20_16:36:50:945; 7.721300; 8.615400; 228.817800; 
2023.10.20_16:36:51:045; 7.992000; 9.074800; 228.861700; 
2023.10.20_16:36:51:145; 8.221700; 8.585400; 228.905700; 
2023.10.20_16:36:51:245; 7.940100; 9.050200; 228.905700; 
2023.10.20_16:36:51:345; 8.153300; 8.435000; 228.883700; 
2023.10.20_16:36:51:445; 7.808800; 8.782200; 228.949600; 
2023.10.20_16:36:51:545; 7.844400; 8.806800; 231.037200; 
2023.10.20_16:36:51:645; 7.907300; 9.318200; 231.015200; 
2023.10.20_16:36:51:745; 7.786900; 8.683800; 230.949300; 
2023.10.20_16:36:51:845; 7.661200; 9.148600; 229.762700; 
2023.10.20_16:36:51:945; 7.661200; 9.148600; 229.762700; 
2023.10.20_16:36:52:045; 7.765100; 9.217000; 229.696800; 
2023.10.20_16:36:52:145; 7.611900; 8.951800; 229.696800; 
2023.10.20_16:36:52:245; 7.617400; 9.381000; 229.696800; 
2023.10.20_16:36:52:345; 7.581900; 8.853300; 233.520200; 
2023.10.20_16:36:52:445; 7.519000; 9.268900; 233.124700; 
2023.10.20_16:36:52:545; 7.611900; 8.951800; 233.036800; 
2023.10.20_16:36:52:645; 7.702200; 8.962700; 233.036800; 
2023.10.20_16:36:52:745; 7.598300; 9.356400; 233.058800; 
2023.10.20_16:36:52:845; 7.475200; 9.342800; 233.058800; 
2023.10.20_16:36:52:945; 7.538100; 9.506800; 233.058800; 
2023.10.20_16:36:53:045; 7.467000; 9.638100; 233.080700; 
2023.10.20_16:36:53:145; 7.313900; 9.750200; 231.081100; 
2023.10.20_16:36:53:245; 7.248300; 9.720100; 231.234900; 
2023.10.20_16:36:53:345; 7.354900; 10.483000; 231.234900; 
2023.10.20_16:36:53:445; 7.303000; 10.149400; 231.213000; 
2023.10.20_16:36:53:545; 7.185400; 9.977100; 232.641300; 
2023.10.20_16:36:53:645; 7.231900; 9.911500; 236.992100; 
2023.10.20_16:36:53:745; 7.308400; 9.914200; 236.904200; 
2023.10.20_16:36:53:845; 7.267400; 9.955200; 236.860300; 
2023.10.20_16:36:53:945; 7.278400; 9.703700; 236.838300; 
2023.10.20_16:36:54:045; 7.338500; 10.310700; 232.245700; 
2023.10.20_16:36:54:145; 7.406900; 9.788500; 231.938100; 
2023.10.20_16:36:54:245; 7.319400; 9.703700; 231.938100; 
2023.10.20_16:36:54:345; 7.210000; 9.829500; 231.894200; 
2023.10.20_16:36:54:445; 7.428700; 9.476700; 232.223800; 
2023.10.20_16:36:54:545; 7.412300; 9.351000; 232.179800; 
2023.10.20_16:36:54:645; 7.409600; 9.392000; 232.179800; 
2023.10.20_16:36:54:745; 7.565500; 9.586100; 232.179800; 
2023.10.20_16:36:54:845; 7.806100; 9.351000; 233.959700; 
2023.10.20_16:36:54:945; 7.535400; 9.569700; 233.805900; 
2023.10.20_16:36:55:045; 7.365900; 9.318200; 233.740000; 
2023.10.20_16:36:55:145; 7.707600; 9.482200; 233.783900; 
2023.10.20_16:36:55:245; 7.606500; 9.709200; 233.036800; 
2023.10.20_16:36:55:345; 7.803300; 9.772000; 232.948900; 
2023.10.20_16:36:55:445; 7.702200; 9.802100; 232.970900; 
2023.10.20_16:36:55:545; 7.620100; 9.900600; 232.970900; 
2023.10.20_16:36:55:645; 7.406900; 9.813100; 236.025300; 
2023.10.20_16:36:55:745; 7.415100; 9.670900; 237.058000; 
2023.10.20_16:36:55:845; 7.472500; 9.963400; 237.145900; 
2023.10.20_16:36:55:945; 7.584600; 9.936100; 237.189900; 
2023.10.20_16:36:56:045; 7.644800; 9.925200; 237.124000; 
2023.10.20_16:36:56:145; 7.869000; 10.160300; 236.596600; 
2023.10.20_16:36:56:245; 8.177900; 10.001700; 236.618600; 
2023.10.20_16:36:56:345; 7.972900; 10.012700; 236.574600; 
2023.10.20_16:36:56:445; 8.309200; 9.826700; 236.596600; 
2023.10.20_16:36:56:545; 8.052200; 10.392700; 235.519900; 
2023.10.20_16:36:56:645; 8.131500; 9.949800; 235.453900; 
2023.10.20_16:36:56:745; 8.238100; 9.925200; 235.453900; 
2023.10.20_16:36:56:845; 8.270900; 9.990800; 235.432000; 
2023.10.20_16:36:56:945; 8.287300; 10.124800; 234.069600; 
2023.10.20_16:36:57:045; 8.104100; 10.242300; 234.223400; 
2023.10.20_16:36:57:145; 8.295500; 9.802100; 234.289300; 
2023.10.20_16:36:57:245; 8.377500; 10.327100; 234.289300; 
2023.10.20_16:36:57:345; 8.281900; 9.892400; 234.443100; 
2023.10.20_16:36:57:445; 8.377500; 9.640800; 234.662900; 
2023.10.20_16:36:57:545; 8.106900; 9.769300; 234.662900; 
2023.10.20_16:36:57:645; 8.352900; 9.788500; 234.640900; 
2023.10.20_16:36:57:745; 8.287300; 9.895100; 234.465100; 
2023.10.20_16:36:57:845; 8.301000; 9.769300; 234.223400; 
2023.10.20_16:36:57:945; 8.700200; 9.791200; 234.179500; 
2023.10.20_16:36:58:045; 8.385800; 9.659900; 234.223400; 
2023.10.20_16:36:58:145; 8.366600; 10.100200; 234.223400; 
2023.10.20_16:36:58:245; 8.183400; 9.703700; 237.827100; 
2023.10.20_16:36:58:345; 8.219000; 9.487700; 238.090800; 
2023.10.20_16:36:58:445; 8.380300; 9.865000; 238.112800; 
2023.10.20_16:36:58:545; 8.232600; 9.504100; 238.156800; 
2023.10.20_16:36:58:645; 8.139700; 9.515000; 237.695300; 
2023.10.20_16:36:58:745; 8.156100; 9.832200; 237.673300; 
2023.10.20_16:36:58:845; 8.227200; 9.810300; 237.673300; 
2023.10.20_16:36:58:945; 8.284600; 9.742000; 237.673300; 
2023.10.20_16:36:59:045; 8.470500; 9.550600; 234.157500; 
2023.10.20_16:36:59:145; 8.525200; 9.815800; 234.003700; 
2023.10.20_16:36:59:245; 8.730300; 9.703700; 233.937700; 
2023.10.20_16:36:59:345; 8.615400; 9.468500; 233.915800; 
2023.10.20_16:36:59:445; 8.610000; 9.766600; 232.267700; 
2023.10.20_16:36:59:545; 8.394000; 9.788500; 232.377600; 
2023.10.20_16:36:59:645; 8.303700; 9.457600; 232.377600; 
2023.10.20_16:36:59:745; 8.582600; 9.845900; 232.399600; 
2023.10.20_16:36:59:845; 8.544300; 9.359200; 233.014800; 
2023.10.20_16:36:59:945; 8.719300; 9.517800; 235.168300; 
2023.10.20_16:37:00:045; 8.771300; 9.484900; 235.168300; 
2023.10.20_16:37:00:145; 8.949000; 9.701000; 235.190300; 
2023.10.20_16:37:00:245; 8.880700; 9.832200; 235.190300; 
2023.10.20_16:37:00:345; 8.976400; 9.394700; 229.806600; 
2023.10.20_16:37:00:445; 8.585400; 9.731000; 229.652800; 
2023.10.20_16:37:00:545; 8.847900; 10.097400; 229.586900; 
2023.10.20_16:37:00:645; 8.489700; 10.102900; 229.586900; 
2023.10.20_16:37:00:745; 8.637300; 10.264200; 229.367100; 
2023.10.20_16:37:00:845; 8.344700; 10.349000; 229.323200; 
2023.10.20_16:37:00:945; 8.826000; 10.067300; 229.345200; 
2023.10.20_16:37:01:045; 8.697500; 9.698200; 229.345200; 
2023.10.20_16:37:01:145; 8.921700; 9.602500; 233.740000; 
2023.10.20_16:37:01:245; 8.795900; 9.810300; 233.366400; 
2023.10.20_16:37:01:345; 9.039300; 9.629900; 233.366400; 
2023.10.20_16:37:01:445; 8.820500; 9.591600; 233.388400; 
2023.10.20_16:37:01:545; 9.320900; 9.804900; 234.531000; 
2023.10.20_16:37:01:645; 9.039300; 9.848600; 234.597000; 
2023.10.20_16:37:01:745; 9.148600; 9.427500; 234.531000; 
2023.10.20_16:37:01:845; 8.984600; 9.608000; 234.553000; 
2023.10.20_16:37:01:945; 8.990000; 9.195100; 234.662900; 
2023.10.20_16:37:02:045; 9.052900; 9.523200; 235.014500; 
2023.10.20_16:37:02:145; 8.957200; 9.301700; 234.992500; 
2023.10.20_16:37:02:245; 9.033800; 9.495900; 234.992500; 
2023.10.20_16:37:02:345; 8.957200; 9.443900; 234.992500; 
2023.10.20_16:37:02:445; 9.227900; 9.422100; 234.816700; 
2023.10.20_16:37:02:545; 9.072100; 9.115800; 234.838700; 
2023.10.20_16:37:02:645; 9.014600; 9.301700; 234.816700; 
2023.10.20_16:37:02:745; 9.340000; 9.178700; 234.816700; 
2023.10.20_16:37:02:845; 9.222500; 9.526000; 234.245400; 
2023.10.20_16:37:02:945; 9.594300; 9.091200; 234.289300; 
2023.10.20_16:37:03:045; 9.550600; 9.118500; 234.311300; 
2023.10.20_16:37:03:145; 9.949800; 9.203300; 234.333300; 
2023.10.20_16:37:03:245; 9.646300; 9.039300; 235.849500; 
2023.10.20_16:37:03:345; 9.580600; 9.386500; 235.937400; 
2023.10.20_16:37:03:445; 9.635300; 9.036500; 235.959400; 
2023.10.20_16:37:03:545; 9.618900; 8.877900; 236.003300; 
2023.10.20_16:37:03:645; 9.643500; 8.782200; 235.278200; 
2023.10.20_16:37:03:745; 9.509600; 8.831400; 235.036400; 
2023.10.20_16:37:03:845; 9.711900; 8.817800; 234.970500; 
2023.10.20_16:37:03:945; 9.454900; 8.815000; 234.970500; 
2023.10.20_16:37:04:045; 9.990800; 8.782200; 235.739600; 
2023.10.20_16:37:04:145; 9.572400; 8.943600; 240.705700; 
2023.10.20_16:37:04:245; 9.299000; 8.834200; 240.486000; 
2023.10.20_16:37:04:345; 9.452100; 8.785000; 240.442000; 
2023.10.20_16:37:04:445; 9.534200; 8.795900; 239.541100; 
2023.10.20_16:37:04:545; 9.452100; 8.864300; 238.486400; 
2023.10.20_16:37:04:645; 9.881400; 8.902500; 238.574200; 
2023.10.20_16:37:04:745; 9.917000; 8.702900; 238.552300; 
2023.10.20_16:37:04:845; 9.703700; 8.940800; 238.574200; 
2023.10.20_16:37:04:945; 9.908800; 8.828700; 239.277400; 
2023.10.20_16:37:05:045; 9.750200; 8.965400; 239.277400; 
2023.10.20_16:37:05:145; 9.783000; 8.891600; 239.277400; 
2023.10.20_16:37:05:245; 10.042700; 8.743900; 239.299400; 
2023.10.20_16:37:05:345; 10.097400; 8.574400; 239.057700; 
2023.10.20_16:37:05:445; 10.083800; 8.713900; 238.991800; 
2023.10.20_16:37:05:545; 9.908800; 8.538900; 238.991800; 
2023.10.20_16:37:05:645; 10.056400; 8.599000; 238.969800; 
2023.10.20_16:37:05:745; 10.072800; 8.290100; 240.002600; 
2023.10.20_16:37:05:845; 9.875900; 8.552500; 241.057300; 
2023.10.20_16:37:05:945; 10.138400; 8.645500; 241.123200; 
2023.10.20_16:37:06:045; 10.346200; 8.700200; 241.123200; 
2023.10.20_16:37:06:145; 10.007200; 8.664700; 241.079300; 
2023.10.20_16:37:06:245; 10.165800; 8.722100; 240.310200; 
2023.10.20_16:37:06:345; 10.007200; 8.541600; 240.310200; 
2023.10.20_16:37:06:445; 9.993500; 8.317400; 240.288200; 
2023.10.20_16:37:06:545; 9.911500; 8.626400; 240.288200; 
2023.10.20_16:37:06:645; 9.971600; 8.631800; 238.288600; 
2023.10.20_16:37:06:745; 10.105600; 8.738500; 238.332500; 
2023.10.20_16:37:06:845; 10.357200; 8.670100; 238.332500; 
2023.10.20_16:37:06:945; 10.308000; 8.692000; 238.332500; 
2023.10.20_16:37:07:045; 10.083800; 8.511500; 237.014100; 
2023.10.20_16:37:07:145; 10.362700; 8.577200; 236.948200; 
2023.10.20_16:37:07:245; 10.414600; 8.776800; 236.970200; 
2023.10.20_16:37:07:345; 10.318900; 9.104900; 236.948200; 
2023.10.20_16:37:07:445; 10.154800; 9.203300; 236.882300; 
2023.10.20_16:37:07:545; 10.119300; 9.214200; 236.904200; 
2023.10.20_16:37:07:645; 10.247800; 9.605300; 236.904200; 
2023.10.20_16:37:07:745; 10.269700; 9.747400; 236.926200; 
2023.10.20_16:37:07:845; 10.141200; 9.802100; 230.751500; 
2023.10.20_16:37:07:945; 10.124800; 10.201300; 231.432700; 
2023.10.20_16:37:08:045; 10.242300; 10.020900; 231.476700; 
2023.10.20_16:37:08:145; 10.253300; 9.884200; 231.454700; 
2023.10.20_16:37:08:245; 10.040000; 9.919700; 231.872200; 
2023.10.20_16:37:08:345; 10.034500; 10.135700; 232.773100; 
2023.10.20_16:37:08:445; 9.906000; 10.026300; 232.751100; 
2023.10.20_16:37:08:545; 10.133000; 9.821300; 232.773100; 
2023.10.20_16:37:08:645; 10.083800; 10.335300; 232.751100; 
