TimeStamp_UTC; mm_ws_110m[m/s]; mm_ws_60m[m/s]; mm_wd_110m[deg]; 
2023.10.20_16:28:08:745; 9.758400; 8.599000; 241.936300; 
2023.10.20_16:28:08:845; 9.536900; 8.681100; 241.914300; 
2023.10.20_16:28:08:945; 9.690000; 8.519700; 239.936600; 
2023.10.20_16:28:09:045; 9.594300; 8.877900; 239.914700; 
2023.10.20_16:28:09:145; 9.703700; 8.437700; 239.892700; 
2023.10.20_16:28:09:245; 9.640800; 8.979100; 239.914700; 
2023.10.20_16:28:09:345; 9.454900; 8.626400; 236.772400; 
2023.10.20_16:28:09:445; 9.359200; 9.017400; 236.640500; 
2023.10.20_16:28:09:545; 9.413900; 8.569000; 236.618600; 
2023.10.20_16:28:09:645; 9.238900; 9.121300; 236.596600; 
2023.10.20_16:28:09:745; 9.572400; 8.601800; 233.300500; 
2023.10.20_16:28:09:845; 9.547800; 9.052900; 233.344400; 
2023.10.20_16:28:09:945; 9.271700; 8.648200; 233.388400; 
2023.10.20_16:28:10:045; 9.361900; 9.195100; 233.366400; 
2023.10.20_16:28:10:145; 9.115800; 8.831400; 232.926900; 
2023.10.20_16:28:10:245; 9.285300; 9.356400; 232.970900; 
2023.10.20_16:28:10:345; 8.935300; 8.954500; 232.970900; 
2023.10.20_16:28:10:445; 9.359200; 8.943600; 232.970900; 
2023.10.20_16:28:10:545; 9.176000; 8.839600; 233.981700; 
2023.10.20_16:28:10:645; 8.864300; 8.782200; 233.981700; 
2023.10.20_16:28:10:745; 8.990000; 8.566200; 234.003700; 
2023.10.20_16:28:10:845; 8.719300; 8.549800; 234.003700; 
2023.10.20_16:28:10:945; 8.883400; 8.522500; 234.487100; 
2023.10.20_16:28:11:045; 8.547100; 8.787700; 237.497500; 
2023.10.20_16:28:11:145; 8.519700; 8.366600; 237.343700; 
2023.10.20_16:28:11:245; 8.145100; 8.429500; 237.321700; 
2023.10.20_16:28:11:345; 8.358400; 8.221700; 237.321700; 
2023.10.20_16:28:11:445; 8.667400; 8.445900; 231.938100; 
2023.10.20_16:28:11:545; 8.188900; 8.298300; 231.586500; 
2023.10.20_16:28:11:645; 8.227200; 8.385800; 231.366800; 
2023.10.20_16:28:11:745; 8.120500; 8.497900; 231.454700; 
2023.10.20_16:28:11:845; 8.221700; 8.552500; 229.455000; 
2023.10.20_16:28:11:945; 8.120500; 8.538900; 229.630800; 
2023.10.20_16:28:12:045; 8.199800; 8.752200; 229.630800; 
2023.10.20_16:28:12:145; 8.262700; 8.700200; 229.674800; 
2023.10.20_16:28:12:245; 8.030300; 8.689300; 231.454700; 
2023.10.20_16:28:12:345; 8.087700; 8.456800; 231.256900; 
2023.10.20_16:28:12:445; 8.046700; 8.456800; 231.213000; 
2023.10.20_16:28:12:545; 7.901800; 8.396700; 231.191000; 
2023.10.20_16:28:12:645; 8.068600; 8.210800; 232.201800; 
2023.10.20_16:28:12:745; 7.847100; 8.295500; 232.597300; 
2023.10.20_16:28:12:845; 8.035800; 8.257200; 232.619300; 
2023.10.20_16:28:12:945; 8.186100; 8.295500; 232.619300; 
2023.10.20_16:28:13:045; 8.054900; 8.407600; 232.707200; 
2023.10.20_16:28:13:145; 8.074000; 8.076800; 233.542200; 
2023.10.20_16:28:13:245; 8.188900; 8.394000; 233.542200; 
2023.10.20_16:28:13:345; 8.054900; 8.530700; 233.542200; 
2023.10.20_16:28:13:445; 8.306500; 8.087700; 233.564200; 
2023.10.20_16:28:13:545; 8.437700; 8.117800; 233.586200; 
2023.10.20_16:28:13:645; 8.451400; 8.142400; 233.608100; 
2023.10.20_16:28:13:745; 8.440400; 8.268200; 233.608100; 
2023.10.20_16:28:13:845; 8.702900; 8.057600; 233.608100; 
2023.10.20_16:28:13:945; 8.588100; 8.344700; 233.871800; 
2023.10.20_16:28:14:045; 8.689300; 8.177900; 233.871800; 
2023.10.20_16:28:14:145; 8.645500; 8.246300; 233.893800; 
2023.10.20_16:28:14:245; 8.582600; 8.268200; 233.893800; 
2023.10.20_16:28:14:345; 8.697500; 8.199800; 230.356000; 
2023.10.20_16:28:14:445; 8.727500; 8.221700; 230.685600; 
2023.10.20_16:28:14:545; 8.607200; 8.145100; 230.685600; 
2023.10.20_16:28:14:645; 8.798600; 8.112300; 230.685600; 
2023.10.20_16:28:14:745; 8.681100; 8.041200; 233.124700; 
2023.10.20_16:28:14:845; 8.949000; 7.929100; 236.398800; 
2023.10.20_16:28:14:945; 8.845100; 8.003000; 236.442800; 
2023.10.20_16:28:15:045; 8.858800; 7.896300; 236.464800; 
2023.10.20_16:28:15:145; 8.681100; 8.049400; 236.091200; 
2023.10.20_16:28:15:245; 9.088500; 8.235400; 235.102400; 
2023.10.20_16:28:15:345; 9.044700; 8.049400; 235.124300; 
2023.10.20_16:28:15:445; 8.960000; 8.172500; 235.124300; 
2023.10.20_16:28:15:545; 8.872500; 7.994700; 235.080400; 
2023.10.20_16:28:15:645; 8.905300; 8.076800; 233.322500; 
2023.10.20_16:28:15:745; 9.080300; 8.131500; 233.300500; 
2023.10.20_16:28:15:845; 8.908000; 8.112300; 233.322500; 
2023.10.20_16:28:15:945; 9.028300; 8.268200; 233.344400; 
2023.10.20_16:28:16:045; 9.140400; 8.336500; 235.541800; 
2023.10.20_16:28:16:145; 9.165000; 8.126000; 235.585800; 
2023.10.20_16:28:16:245; 9.096700; 8.448600; 235.607800; 
2023.10.20_16:28:16:345; 9.413900; 8.290100; 235.607800; 
2023.10.20_16:28:16:445; 9.189600; 8.547100; 236.223000; 
2023.10.20_16:28:16:545; 9.050200; 8.172500; 236.289000; 
2023.10.20_16:28:16:645; 9.184200; 8.383000; 236.245000; 
2023.10.20_16:28:16:745; 8.880700; 8.642800; 236.245000; 
2023.10.20_16:28:16:845; 9.236100; 8.328300; 236.442800; 
2023.10.20_16:28:16:945; 8.995500; 8.648200; 236.508700; 
2023.10.20_16:28:17:045; 8.987300; 8.281900; 236.486700; 
2023.10.20_16:28:17:145; 8.798600; 8.435000; 236.486700; 
2023.10.20_16:28:17:245; 8.856100; 8.268200; 236.354900; 
2023.10.20_16:28:17:345; 8.607200; 8.618200; 235.497900; 
2023.10.20_16:28:17:445; 8.741200; 8.366600; 235.563800; 
2023.10.20_16:28:17:545; 8.738500; 8.574400; 235.585800; 
2023.10.20_16:28:17:645; 8.894300; 8.500600; 235.607800; 
2023.10.20_16:28:17:745; 8.752200; 8.571700; 236.882300; 
2023.10.20_16:28:17:845; 8.883400; 8.445900; 236.970200; 
2023.10.20_16:28:17:945; 9.165000; 8.590800; 236.992100; 
2023.10.20_16:28:18:045; 8.990000; 8.645500; 237.014100; 
2023.10.20_16:28:18:145; 9.258000; 8.536100; 235.234200; 
2023.10.20_16:28:18:245; 9.143200; 8.577200; 235.124300; 
2023.10.20_16:28:18:345; 9.433000; 8.260000; 235.102400; 
2023.10.20_16:28:18:445; 9.490400; 8.281900; 235.058400; 
2023.10.20_16:28:18:545; 9.627100; 8.355700; 235.563800; 
2023.10.20_16:28:18:645; 9.917000; 8.273600; 235.585800; 
2023.10.20_16:28:18:745; 9.960700; 8.210800; 235.585800; 
2023.10.20_16:28:18:845; 9.968900; 7.918200; 235.585800; 
2023.10.20_16:28:18:945; 9.922400; 8.068600; 233.520200; 
2023.10.20_16:28:19:045; 10.083800; 8.085000; 233.740000; 
2023.10.20_16:28:19:145; 10.100200; 7.879900; 233.783900; 
2023.10.20_16:28:19:245; 9.780200; 7.929100; 233.805900; 
2023.10.20_16:28:19:345; 10.081000; 7.562700; 234.377200; 
2023.10.20_16:28:19:445; 10.135700; 7.453400; 234.509100; 
2023.10.20_16:28:19:545; 9.952500; 7.352200; 234.531000; 
2023.10.20_16:28:19:645; 9.851300; 7.193600; 234.553000; 
2023.10.20_16:28:19:745; 9.536900; 6.914700; 234.553000; 
2023.10.20_16:28:19:845; 9.359200; 7.062400; 234.926600; 
2023.10.20_16:28:19:945; 9.107600; 7.253800; 234.926600; 
2023.10.20_16:28:20:045; 9.151400; 7.081500; 234.904600; 
2023.10.20_16:28:20:145; 9.140400; 7.021300; 234.904600; 
2023.10.20_16:28:20:245; 9.252500; 6.791700; 233.168700; 
2023.10.20_16:28:20:345; 9.001000; 7.035000; 233.080700; 
2023.10.20_16:28:20:445; 9.268900; 6.966600; 233.014800; 
2023.10.20_16:28:20:545; 9.340000; 6.936600; 233.036800; 
2023.10.20_16:28:20:645; 9.452100; 7.002200; 234.662900; 
2023.10.20_16:28:20:745; 9.386500; 6.827200; 234.487100; 
2023.10.20_16:28:20:845; 9.296300; 6.917400; 234.465100; 
2023.10.20_16:28:20:945; 9.536900; 6.966600; 234.443100; 
2023.10.20_16:28:21:045; 9.829500; 6.942000; 236.398800; 
2023.10.20_16:28:21:145; 9.490400; 6.892800; 236.201100; 
2023.10.20_16:28:21:245; 9.840400; 6.928400; 236.201100; 
2023.10.20_16:28:21:345; 9.791200; 6.696000; 236.179100; 
2023.10.20_16:28:21:445; 9.761100; 6.761600; 234.794700; 
2023.10.20_16:28:21:545; 10.362700; 6.843600; 233.454300; 
2023.10.20_16:28:21:645; 9.884200; 7.081500; 233.388400; 
2023.10.20_16:28:21:745; 9.616200; 7.237300; 233.388400; 
2023.10.20_16:28:21:845; 9.597000; 6.947500; 231.784300; 
2023.10.20_16:28:21:945; 9.752900; 6.854500; 228.751900; 
2023.10.20_16:28:22:045; 9.785700; 6.860000; 228.795800; 
2023.10.20_16:28:22:145; 9.662700; 6.816300; 228.773800; 
2023.10.20_16:28:22:245; 10.034500; 6.715100; 228.905700; 
2023.10.20_16:28:22:345; 10.127500; 6.728800; 234.728800; 
2023.10.20_16:28:22:445; 10.324400; 6.868200; 234.662900; 
2023.10.20_16:28:22:545; 10.264200; 6.783500; 234.597000; 
2023.10.20_16:28:22:645; 10.329800; 6.772500; 234.597000; 
2023.10.20_16:28:22:745; 10.253300; 6.788900; 232.135900; 
2023.10.20_16:28:22:845; 10.020900; 6.802600; 232.069900; 
2023.10.20_16:28:22:945; 9.982600; 6.895600; 232.091900; 
2023.10.20_16:28:23:045; 10.042700; 7.081500; 232.113900; 
2023.10.20_16:28:23:145; 10.231400; 6.898300; 235.563800; 
2023.10.20_16:28:23:245; 10.146600; 6.985800; 235.695700; 
2023.10.20_16:28:23:345; 10.485700; 6.961200; 235.651700; 
2023.10.20_16:28:23:445; 10.701700; 7.106100; 235.673700; 
2023.10.20_16:28:23:545; 10.524000; 7.330300; 235.695700; 
2023.10.20_16:28:23:645; 10.373600; 6.895600; 235.673700; 
2023.10.20_16:28:23:745; 10.625100; 6.983100; 235.717600; 
2023.10.20_16:28:23:845; 10.589600; 6.942000; 235.673700; 
2023.10.20_16:28:23:945; 10.843900; 7.092400; 235.366000; 
2023.10.20_16:28:24:045; 10.794700; 7.251000; 233.498300; 
2023.10.20_16:28:24:145; 10.849400; 6.846300; 233.564200; 
2023.10.20_16:28:24:245; 10.898600; 6.991300; 233.608100; 
2023.10.20_16:28:24:345; 10.671600; 7.018600; 233.630100; 
2023.10.20_16:28:24:445; 10.595100; 7.188100; 234.135500; 
2023.10.20_16:28:24:545; 10.515800; 7.281100; 234.113500; 
2023.10.20_16:28:24:645; 10.524000; 6.870900; 234.157500; 
2023.10.20_16:28:24:745; 10.715400; 6.786200; 234.135500; 
2023.10.20_16:28:24:845; 10.663400; 6.630300; 234.970500; 
2023.10.20_16:28:24:945; 10.217700; 6.458100; 235.014500; 
2023.10.20_16:28:25:045; 10.092000; 6.362400; 235.036400; 
2023.10.20_16:28:25:145; 10.023600; 6.378800; 235.036400; 
2023.10.20_16:28:25:245; 10.302500; 6.354200; 232.245700; 
2023.10.20_16:28:25:345; 10.152100; 6.329600; 232.377600; 
2023.10.20_16:28:25:445; 10.567700; 6.332300; 232.443500; 
2023.10.20_16:28:25:545; 10.223200; 6.258500; 232.487500; 
2023.10.20_16:28:25:645; 10.403700; 6.250300; 231.828200; 
2023.10.20_16:28:25:745; 10.477500; 6.149100; 231.718400; 
2023.10.20_16:28:25:845; 10.562300; 6.209200; 231.652500; 
2023.10.20_16:28:25:945; 10.562300; 6.113500; 231.674400; 
2023.10.20_16:28:26:045; 10.636100; 6.143600; 231.850200; 
2023.10.20_16:28:26:145; 10.786500; 6.209200; 234.597000; 
2023.10.20_16:28:26:245; 10.841200; 6.047900; 234.487100; 
2023.10.20_16:28:26:345; 10.808300; 6.050700; 234.465100; 
2023.10.20_16:28:26:445; 10.791900; 6.091700; 234.465100; 
2023.10.20_16:28:26:545; 10.627900; 6.031500; 236.310900; 
2023.10.20_16:28:26:645; 10.543100; 6.143600; 236.442800; 
2023.10.20_16:28:26:745; 10.359900; 6.253000; 236.486700; 
2023.10.20_16:28:26:845; 10.436500; 6.408900; 236.486700; 
2023.10.20_16:28:26:945; 10.288800; 6.567400; 235.256200; 
2023.10.20_16:28:27:045; 9.952500; 6.898300; 235.168300; 
2023.10.20_16:28:27:145; 9.791200; 6.633100; 235.146300; 
2023.10.20_16:28:27:245; 9.717400; 6.690500; 235.146300; 
2023.10.20_16:28:27:345; 9.632600; 6.706900; 233.432300; 
2023.10.20_16:28:27:445; 9.941600; 6.728800; 233.586200; 
2023.10.20_16:28:27:545; 9.670900; 6.884600; 233.630100; 
2023.10.20_16:28:27:645; 9.479500; 6.605700; 233.674100; 
2023.10.20_16:28:27:745; 9.553300; 6.769800; 235.805500; 
2023.10.20_16:28:27:845; 9.249800; 6.731500; 236.728400; 
2023.10.20_16:28:27:945; 9.528700; 6.627600; 236.838300; 
2023.10.20_16:28:28:045; 9.657200; 6.717800; 236.882300; 
2023.10.20_16:28:28:145; 9.793900; 6.728800; 238.002900; 
2023.10.20_16:28:28:245; 9.761100; 6.933800; 238.684100; 
2023.10.20_16:28:28:345; 10.070100; 6.890100; 238.728100; 
2023.10.20_16:28:28:445; 9.763800; 6.906500; 238.750000; 
2023.10.20_16:28:28:545; 9.662700; 6.942000; 238.706100; 
2023.10.20_16:28:28:645; 9.635300; 6.876400; 237.431600; 
2023.10.20_16:28:28:745; 9.687300; 6.966600; 237.475600; 
2023.10.20_16:28:28:845; 9.443900; 7.059600; 237.475600; 
2023.10.20_16:28:28:945; 9.509600; 7.040500; 237.497500; 
2023.10.20_16:28:29:045; 9.567000; 7.128000; 243.408500; 
2023.10.20_16:28:29:145; 9.446700; 7.056900; 243.496400; 
2023.10.20_16:28:29:245; 9.670900; 7.286600; 243.474500; 
2023.10.20_16:28:29:345; 9.556000; 7.431500; 243.496400; 
2023.10.20_16:28:29:445; 9.512300; 7.004900; 246.682700; 
2023.10.20_16:28:29:545; 9.561500; 6.931100; 246.397000; 
2023.10.20_16:28:29:645; 9.271700; 6.843600; 246.353000; 
2023.10.20_16:28:29:745; 9.468500; 6.988500; 246.353000; 
2023.10.20_16:28:29:845; 9.747400; 6.939300; 248.089000; 
2023.10.20_16:28:29:945; 9.580600; 6.909200; 248.001100; 
2023.10.20_16:28:30:045; 9.662700; 6.840900; 248.023100; 
2023.10.20_16:28:30:145; 9.627100; 6.622100; 248.023100; 
2023.10.20_16:28:30:245; 9.413900; 6.778000; 247.605600; 
2023.10.20_16:28:30:345; 9.405600; 6.906500; 246.792500; 
2023.10.20_16:28:30:445; 9.165000; 6.706900; 246.792500; 
2023.10.20_16:28:30:545; 9.181400; 6.851800; 246.792500; 
2023.10.20_16:28:30:645; 9.211500; 6.737000; 245.584000; 
2023.10.20_16:28:30:745; 9.036500; 7.029500; 241.057300; 
2023.10.20_16:28:30:845; 8.943600; 7.106100; 241.189200; 
2023.10.20_16:28:30:945; 8.760400; 7.108800; 241.233100; 
2023.10.20_16:28:31:045; 8.754900; 7.130700; 241.211100; 
2023.10.20_16:28:31:145; 8.659200; 7.106100; 237.365700; 
2023.10.20_16:28:31:245; 9.022800; 7.218200; 237.343700; 
2023.10.20_16:28:31:345; 8.804100; 7.412300; 237.277800; 
2023.10.20_16:28:31:445; 8.897100; 7.286600; 237.299800; 
2023.10.20_16:28:31:545; 8.774000; 7.327600; 241.650600; 
2023.10.20_16:28:31:645; 8.864300; 7.409600; 241.496800; 
2023.10.20_16:28:31:745; 8.905300; 7.480700; 241.430900; 
2023.10.20_16:28:31:845; 8.724800; 7.335800; 241.408900; 
2023.10.20_16:28:31:945; 8.905300; 7.426000; 237.409600; 
2023.10.20_16:28:32:045; 9.052900; 7.663900; 236.618600; 
2023.10.20_16:28:32:145; 9.208800; 7.494400; 236.486700; 
2023.10.20_16:28:32:245; 8.899800; 7.497100; 236.398800; 
2023.10.20_16:28:32:345; 9.107600; 7.240100; 237.255800; 
2023.10.20_16:28:32:445; 9.170500; 7.218200; 242.265900; 
2023.10.20_16:28:32:545; 9.140400; 7.289300; 242.068100; 
2023.10.20_16:28:32:645; 9.061100; 6.936600; 242.002200; 
2023.10.20_16:28:32:745; 8.916200; 7.056900; 241.694600; 
2023.10.20_16:28:32:845; 9.017400; 6.931100; 238.266600; 
2023.10.20_16:28:32:945; 9.058400; 7.040500; 238.574200; 
2023.10.20_16:28:33:045; 9.219700; 7.272900; 238.442400; 
2023.10.20_16:28:33:145; 9.099400; 6.783500; 238.442400; 
2023.10.20_16:28:33:245; 9.288100; 6.791700; 238.156800; 
2023.10.20_16:28:33:345; 9.080300; 6.597500; 238.178700; 
2023.10.20_16:28:33:445; 9.104900; 6.693200; 238.178700; 
2023.10.20_16:28:33:545; 9.077500; 6.769800; 238.178700; 
2023.10.20_16:28:33:645; 8.752200; 6.819000; 237.299800; 
2023.10.20_16:28:33:745; 8.733000; 6.835400; 237.255800; 
2023.10.20_16:28:33:845; 8.672900; 6.660400; 237.233800; 
2023.10.20_16:28:33:945; 8.645500; 7.076000; 237.211900; 
2023.10.20_16:28:34:045; 8.623600; 7.475200; 236.552600; 
2023.10.20_16:28:34:145; 8.566200; 7.467000; 236.640500; 
2023.10.20_16:28:34:245; 8.951800; 7.647500; 236.640500; 
2023.10.20_16:28:34:345; 8.577200; 7.680300; 236.618600; 
2023.10.20_16:28:34:445; 8.722100; 7.833400; 237.673300; 
2023.10.20_16:28:34:545; 8.410400; 7.469800; 238.222700; 
2023.10.20_16:28:34:645; 8.473300; 7.653000; 238.244600; 
2023.10.20_16:28:34:745; 8.243600; 7.751400; 238.288600; 
2023.10.20_16:28:34:845; 8.426800; 7.658400; 238.310600; 
2023.10.20_16:28:34:945; 8.240800; 7.669400; 239.167600; 
2023.10.20_16:28:35:045; 8.456800; 7.688500; 239.167600; 
2023.10.20_16:28:35:145; 8.290100; 7.680300; 239.145600; 
2023.10.20_16:28:35:245; 8.303700; 7.587300; 239.145600; 
2023.10.20_16:28:35:345; 8.298300; 7.765100; 234.201400; 
2023.10.20_16:28:35:445; 8.090400; 7.992000; 233.893800; 
2023.10.20_16:28:35:545; 8.467800; 7.587300; 233.849800; 
2023.10.20_16:28:35:645; 8.459600; 7.885400; 233.805900; 
2023.10.20_16:28:35:745; 8.571700; 7.967400; 237.343700; 
2023.10.20_16:28:35:845; 8.735700; 8.109600; 237.475600; 
2023.10.20_16:28:35:945; 9.077500; 8.167000; 237.475600; 
2023.10.20_16:28:36:045; 8.998200; 8.265400; 237.475600; 
2023.10.20_16:28:36:145; 9.206000; 8.265400; 239.145600; 
2023.10.20_16:28:36:245; 9.402900; 8.270900; 238.969800; 
2023.10.20_16:28:36:345; 9.386500; 8.068600; 238.947800; 
2023.10.20_16:28:36:445; 9.348200; 8.136900; 238.925800; 
2023.10.20_16:28:36:545; 9.252500; 7.951000; 239.211500; 
2023.10.20_16:28:36:645; 9.597000; 8.068600; 239.189500; 
2023.10.20_16:28:36:745; 9.268900; 8.038500; 239.189500; 
2023.10.20_16:28:36:845; 9.156800; 8.046700; 239.211500; 
2023.10.20_16:28:36:945; 9.629900; 8.287300; 237.629400; 
2023.10.20_16:28:37:045; 9.482200; 8.311900; 235.475900; 
2023.10.20_16:28:37:145; 9.569700; 8.489700; 235.453900; 
2023.10.20_16:28:37:245; 9.802100; 8.424000; 235.453900; 
2023.10.20_16:28:37:345; 9.613500; 8.352900; 235.453900; 
2023.10.20_16:28:37:445; 9.564200; 8.331100; 237.014100; 
2023.10.20_16:28:37:545; 9.750200; 8.344700; 237.014100; 
2023.10.20_16:28:37:645; 9.731000; 8.306500; 237.036100; 
2023.10.20_16:28:37:745; 9.982600; 8.656400; 237.014100; 
2023.10.20_16:28:37:845; 9.968900; 8.221700; 233.630100; 
2023.10.20_16:28:37:945; 10.004500; 8.407600; 233.871800; 
2023.10.20_16:28:38:045; 10.190400; 8.221700; 233.805900; 
2023.10.20_16:28:38:145; 10.086500; 8.306500; 233.827900; 
2023.10.20_16:28:38:245; 10.734500; 8.041200; 238.881900; 
2023.10.20_16:28:38:345; 10.548600; 8.180700; 238.772000; 
2023.10.20_16:28:38:445; 10.327100; 7.732300; 238.837900; 
2023.10.20_16:28:38:545; 10.182200; 7.899000; 238.837900; 
2023.10.20_16:28:38:645; 10.403700; 8.197100; 237.321700; 
2023.10.20_16:28:38:745; 10.770100; 7.713100; 237.167900; 
2023.10.20_16:28:38:845; 10.581400; 7.663900; 237.102000; 
2023.10.20_16:28:38:945; 10.351700; 7.601000; 237.080000; 
2023.10.20_16:28:39:045; 10.452900; 7.527200; 236.970200; 
2023.10.20_16:28:39:145; 10.217700; 7.346700; 236.420800; 
2023.10.20_16:28:39:245; 10.775500; 7.464300; 236.464800; 
2023.10.20_16:28:39:345; 10.146600; 7.735000; 236.442800; 
2023.10.20_16:28:39:445; 9.947000; 7.264700; 236.464800; 
2023.10.20_16:28:39:545; 9.848600; 7.330300; 236.508700; 
2023.10.20_16:28:39:645; 10.086500; 7.308400; 236.508700; 
2023.10.20_16:28:39:745; 10.157600; 7.338500; 236.486700; 
2023.10.20_16:28:39:845; 10.061900; 7.163500; 236.508700; 
2023.10.20_16:28:39:945; 9.947000; 7.201800; 237.915000; 
2023.10.20_16:28:40:045; 10.160300; 7.215500; 238.024900; 
2023.10.20_16:28:40:145; 10.133000; 6.953000; 238.068800; 
2023.10.20_16:28:40:245; 9.722800; 6.860000; 238.068800; 
2023.10.20_16:28:40:345; 9.731000; 7.040500; 236.332900; 
2023.10.20_16:28:40:445; 9.982600; 7.316600; 236.508700; 
2023.10.20_16:28:40:545; 9.897800; 7.508000; 236.552600; 
2023.10.20_16:28:40:645; 9.974400; 7.461600; 236.552600; 
2023.10.20_16:28:40:745; 10.053700; 7.825200; 237.058000; 
2023.10.20_16:28:40:845; 9.804900; 7.907300; 237.387700; 
2023.10.20_16:28:40:945; 9.873200; 7.841600; 237.409600; 
2023.10.20_16:28:41:045; 9.886900; 7.863500; 237.409600; 
2023.10.20_16:28:41:145; 10.045500; 8.057600; 237.431600; 
2023.10.20_16:28:41:245; 10.269700; 7.972900; 238.706100; 
2023.10.20_16:28:41:345; 10.165800; 8.292800; 238.662200; 
2023.10.20_16:28:41:445; 10.543100; 8.063100; 238.662200; 
2023.10.20_16:28:41:545; 10.515800; 8.109600; 238.618200; 
2023.10.20_16:28:41:645; 10.707200; 8.358400; 242.331800; 
2023.10.20_16:28:41:745; 10.534900; 8.262700; 242.221900; 
2023.10.20_16:28:41:845; 10.286100; 8.536100; 242.200000; 
2023.10.20_16:28:41:945; 10.070100; 8.301000; 242.178000; 
2023.10.20_16:28:42:045; 10.108400; 8.336500; 237.387700; 
2023.10.20_16:28:42:145; 9.766600; 7.961900; 237.080000; 
2023.10.20_16:28:42:245; 9.515000; 7.978300; 236.992100; 
2023.10.20_16:28:42:345; 9.624400; 8.027600; 236.970200; 
2023.10.20_16:28:42:445; 9.370100; 7.937300; 237.805200; 
2023.10.20_16:28:42:545; 9.397400; 7.819800; 237.827100; 
2023.10.20_16:28:42:645; 9.176000; 7.937300; 237.827100; 
2023.10.20_16:28:42:745; 8.916200; 7.453400; 237.827100; 
2023.10.20_16:28:42:845; 9.405600; 7.508000; 236.223000; 
2023.10.20_16:28:42:945; 9.219700; 7.677600; 236.398800; 
2023.10.20_16:28:43:045; 9.501300; 7.601000; 236.420800; 
2023.10.20_16:28:43:145; 9.791200; 7.499800; 236.508700; 
2023.10.20_16:28:43:245; 9.750200; 7.581900; 237.014100; 
2023.10.20_16:28:43:345; 9.815800; 7.633800; 237.893100; 
2023.10.20_16:28:43:445; 10.097400; 7.516200; 237.893100; 
2023.10.20_16:28:43:545; 10.305200; 7.538100; 237.893100; 
2023.10.20_16:28:43:645; 10.215000; 7.502600; 237.849100; 
2023.10.20_16:28:43:745; 10.217700; 7.319400; 233.981700; 
2023.10.20_16:28:43:845; 10.409100; 7.412300; 233.893800; 
2023.10.20_16:28:43:945; 10.742700; 7.447900; 233.893800; 
2023.10.20_16:28:44:045; 10.770100; 7.439700; 233.871800; 
2023.10.20_16:28:44:145; 10.802900; 7.073300; 239.299400; 
2023.10.20_16:28:44:245; 10.551300; 7.267400; 239.365300; 
2023.10.20_16:28:44:345; 10.860300; 7.516200; 239.321400; 
2023.10.20_16:28:44:445; 10.781000; 7.368600; 239.365300; 
2023.10.20_16:28:44:545; 10.638800; 7.327600; 236.706500; 
2023.10.20_16:28:44:645; 10.515800; 7.442400; 236.816300; 
2023.10.20_16:28:44:745; 10.663400; 7.666600; 236.882300; 
2023.10.20_16:28:44:845; 10.439200; 7.606500; 236.882300; 
2023.10.20_16:28:44:945; 10.138400; 7.606500; 238.991800; 
2023.10.20_16:28:45:045; 10.242300; 7.721300; 238.925800; 
2023.10.20_16:28:45:145; 10.390000; 7.784200; 238.991800; 
2023.10.20_16:28:45:245; 10.305200; 7.915500; 239.013700; 
2023.10.20_16:28:45:345; 10.078300; 7.797900; 239.145600; 
2023.10.20_16:28:45:445; 10.663400; 7.653000; 239.167600; 
2023.10.20_16:28:45:545; 10.267000; 7.469800; 239.167600; 
2023.10.20_16:28:45:645; 10.357200; 7.289300; 239.211500; 
2023.10.20_16:28:45:745; 9.665400; 7.095200; 238.903900; 
2023.10.20_16:28:45:845; 9.944300; 7.024100; 237.871100; 
2023.10.20_16:28:45:945; 10.040000; 7.026800; 237.849100; 
2023.10.20_16:28:46:045; 9.889600; 7.201800; 237.871100; 
2023.10.20_16:28:46:145; 9.742000; 7.231900; 237.871100; 
2023.10.20_16:28:46:245; 9.873200; 7.497100; 238.772000; 
2023.10.20_16:28:46:345; 9.903300; 7.294800; 238.772000; 
2023.10.20_16:28:46:445; 9.526000; 7.529900; 238.816000; 
2023.10.20_16:28:46:545; 9.586100; 7.773300; 238.794000; 
2023.10.20_16:28:46:645; 9.627100; 7.691200; 236.706500; 
2023.10.20_16:28:46:745; 9.495900; 7.570900; 236.926200; 
2023.10.20_16:28:46:845; 9.665400; 7.781500; 236.970200; 
2023.10.20_16:28:46:945; 9.569700; 7.866200; 236.970200; 
2023.10.20_16:28:47:045; 9.304500; 7.743200; 240.310200; 
2023.10.20_16:28:47:145; 9.482200; 7.896300; 241.255100; 
2023.10.20_16:28:47:245; 9.402900; 7.830700; 241.343000; 
2023.10.20_16:28:47:345; 9.386500; 7.931900; 241.386900; 
2023.10.20_16:28:47:445; 9.572400; 8.027600; 241.035300; 
2023.10.20_16:28:47:545; 9.569700; 8.022100; 240.793600; 
2023.10.20_16:28:47:645; 9.476700; 8.060400; 240.793600; 
2023.10.20_16:28:47:745; 9.632600; 8.147900; 240.771700; 
2023.10.20_16:28:47:845; 9.435700; 7.869000; 240.727700; 
2023.10.20_16:28:47:945; 9.605300; 7.852600; 239.826800; 
2023.10.20_16:28:48:045; 9.400200; 7.937300; 239.892700; 
2023.10.20_16:28:48:145; 9.222500; 7.398700; 239.892700; 
2023.10.20_16:28:48:245; 9.657200; 7.387700; 239.826800; 
2023.10.20_16:28:48:345; 9.509600; 7.365900; 237.761200; 
2023.10.20_16:28:48:445; 9.632600; 7.379500; 237.805200; 
2023.10.20_16:28:48:545; 9.938800; 7.240100; 237.805200; 
2023.10.20_16:28:48:645; 9.971600; 7.478000; 237.827100; 
2023.10.20_16:28:48:745; 9.922400; 7.642000; 237.893100; 
2023.10.20_16:28:48:845; 10.521200; 7.565500; 237.893100; 
2023.10.20_16:28:48:945; 10.338000; 7.639300; 237.871100; 
2023.10.20_16:28:49:045; 10.275200; 7.699400; 237.871100; 
2023.10.20_16:28:49:145; 10.045500; 7.814300; 239.233500; 
2023.10.20_16:28:49:245; 10.403700; 7.756900; 239.057700; 
2023.10.20_16:28:49:345; 10.939600; 8.106900; 239.057700; 
2023.10.20_16:28:49:445; 10.720800; 7.904500; 239.013700; 
2023.10.20_16:28:49:545; 10.895800; 8.481500; 238.640200; 
2023.10.20_16:28:49:645; 10.770100; 8.623600; 237.915000; 
2023.10.20_16:28:49:745; 10.534900; 8.536100; 237.937000; 
2023.10.20_16:28:49:845; 10.532200; 8.973600; 237.937000; 
2023.10.20_16:28:49:945; 10.781000; 8.407600; 237.937000; 
2023.10.20_16:28:50:045; 10.778300; 8.560700; 237.321700; 
2023.10.20_16:28:50:145; 10.748200; 7.989300; 237.321700; 
2023.10.20_16:28:50:245; 10.871200; 7.997500; 237.343700; 
2023.10.20_16:28:50:345; 10.685300; 7.745900; 237.299800; 
2023.10.20_16:28:50:445; 10.887600; 7.650200; 236.926200; 
2023.10.20_16:28:50:545; 10.693500; 7.497100; 236.926200; 
2023.10.20_16:28:50:645; 10.811100; 7.614700; 236.926200; 
2023.10.20_16:28:50:745; 10.688000; 7.256500; 236.926200; 
2023.10.20_16:28:50:845; 10.860300; 7.226400; 239.233500; 
2023.10.20_16:28:50:945; 11.057200; 7.242800; 239.299400; 
2023.10.20_16:28:51:045; 10.835700; 7.226400; 239.277400; 
2023.10.20_16:28:51:145; 10.625100; 7.147100; 239.277400; 
2023.10.20_16:28:51:245; 10.458400; 6.939300; 240.354100; 
2023.10.20_16:28:51:345; 10.627900; 7.076000; 240.354100; 
2023.10.20_16:28:51:445; 11.423600; 7.130700; 240.332200; 
2023.10.20_16:28:51:545; 10.857600; 7.043200; 240.310200; 
2023.10.20_16:28:51:645; 10.895800; 7.037700; 239.101600; 
2023.10.20_16:28:51:745; 10.980600; 6.862700; 239.233500; 
2023.10.20_16:28:51:845; 10.504800; 7.010400; 239.211500; 
2023.10.20_16:28:51:945; 10.472000; 7.108800; 239.189500; 
2023.10.20_16:28:52:045; 10.370900; 7.174500; 239.365300; 
2023.10.20_16:28:52:145; 10.359900; 7.076000; 240.068500; 
2023.10.20_16:28:52:245; 10.578700; 7.111600; 240.068500; 
2023.10.20_16:28:52:345; 10.565000; 7.272900; 240.068500; 
2023.10.20_16:28:52:445; 10.545900; 7.275600; 240.046500; 
2023.10.20_16:28:52:545; 10.436500; 7.262000; 240.288200; 
2023.10.20_16:28:52:645; 10.425500; 7.420500; 240.354100; 
2023.10.20_16:28:52:745; 10.603300; 7.488900; 240.310200; 
2023.10.20_16:28:52:845; 10.343500; 7.508000; 240.332200; 
2023.10.20_16:28:52:945; 10.234100; 7.393200; 236.618600; 
2023.10.20_16:28:53:045; 10.165800; 7.382300; 236.816300; 
2023.10.20_16:28:53:145; 10.163100; 7.376800; 236.904200; 
2023.10.20_16:28:53:245; 10.212300; 7.363100; 236.904200; 
2023.10.20_16:28:53:345; 10.338000; 7.387700; 235.937400; 
2023.10.20_16:28:53:445; 10.250500; 7.395900; 236.003300; 
2023.10.20_16:28:53:545; 10.305200; 7.316600; 236.047200; 
2023.10.20_16:28:53:645; 10.518500; 7.234600; 236.069200; 
2023.10.20_16:28:53:745; 10.783700; 6.942000; 235.585800; 
2023.10.20_16:28:53:845; 11.278600; 7.108800; 235.497900; 
2023.10.20_16:28:53:945; 11.092700; 7.475200; 235.497900; 
2023.10.20_16:28:54:045; 11.251300; 7.784200; 235.497900; 
2023.10.20_16:28:54:145; 11.275900; 7.890800; 241.211100; 
2023.10.20_16:28:54:245; 11.234900; 8.454100; 243.430500; 
2023.10.20_16:28:54:345; 10.789200; 8.435000; 243.650300; 
2023.10.20_16:28:54:445; 10.898600; 9.039300; 243.738100; 
2023.10.20_16:28:54:545; 10.562300; 9.102100; 242.837200; 
2023.10.20_16:28:54:645; 10.770100; 9.389200; 234.575000; 
2023.10.20_16:28:54:745; 10.934100; 9.427500; 234.904600; 
2023.10.20_16:28:54:845; 11.054400; 9.449400; 235.036400; 
2023.10.20_16:28:54:945; 10.805600; 9.301700; 235.124300; 
2023.10.20_16:28:55:045; 10.890400; 9.679100; 236.464800; 
2023.10.20_16:28:55:145; 10.655200; 9.575200; 236.530700; 
2023.10.20_16:28:55:245; 10.619700; 9.919700; 236.596600; 
2023.10.20_16:28:55:345; 10.677100; 9.958000; 236.596600; 
2023.10.20_16:28:55:445; 10.802900; 9.654500; 234.728800; 
2023.10.20_16:28:55:545; 10.920500; 9.878700; 234.948500; 
2023.10.20_16:28:55:645; 10.939600; 9.668100; 234.948500; 
2023.10.20_16:28:55:745; 10.690800; 9.638100; 234.970500; 
2023.10.20_16:28:55:845; 10.734500; 10.012700; 234.860600; 
2023.10.20_16:28:55:945; 10.524000; 10.193100; 234.772800; 
2023.10.20_16:28:56:045; 10.450200; 9.941600; 234.794700; 
2023.10.20_16:28:56:145; 10.805600; 9.561500; 234.772800; 
2023.10.20_16:28:56:245; 10.668900; 9.971600; 234.201400; 
2023.10.20_16:28:56:345; 10.857600; 10.108400; 233.344400; 
2023.10.20_16:28:56:445; 10.775500; 10.075600; 233.366400; 
2023.10.20_16:28:56:545; 10.704400; 10.313400; 233.322500; 
2023.10.20_16:28:56:645; 10.466600; 10.340800; 233.300500; 
2023.10.20_16:28:56:745; 10.682600; 10.398200; 232.707200; 
2023.10.20_16:28:56:845; 10.565000; 10.231400; 232.751100; 
2023.10.20_16:28:56:945; 10.556800; 10.267000; 232.751100; 
2023.10.20_16:28:57:045; 10.258800; 10.220500; 232.729200; 
2023.10.20_16:28:57:145; 10.086500; 10.450200; 232.773100; 
2023.10.20_16:28:57:245; 10.146600; 10.376300; 232.795100; 
2023.10.20_16:28:57:345; 10.105600; 10.343500; 232.773100; 
2023.10.20_16:28:57:445; 10.124800; 10.368100; 232.773100; 
2023.10.20_16:28:57:545; 9.881400; 10.321600; 232.201800; 
2023.10.20_16:28:57:645; 10.625100; 10.379100; 232.135900; 
2023.10.20_16:28:57:745; 10.477500; 10.195900; 232.135900; 
2023.10.20_16:28:57:845; 10.354500; 10.111100; 232.135900; 
2023.10.20_16:28:57:945; 10.094700; 10.332600; 232.157900; 
2023.10.20_16:28:58:045; 10.122000; 10.316200; 232.157900; 
2023.10.20_16:28:58:145; 10.031800; 9.982600; 232.157900; 
2023.10.20_16:28:58:245; 9.900600; 10.009900; 232.135900; 
2023.10.20_16:28:58:345; 9.824000; 10.031800; 232.201800; 
2023.10.20_16:28:58:445; 10.026300; 10.064600; 232.399600; 
2023.10.20_16:28:58:545; 10.212300; 9.851300; 232.377600; 
2023.10.20_16:28:58:645; 10.143900; 9.690000; 232.377600; 
2023.10.20_16:28:58:745; 9.824000; 9.627100; 232.377600; 
2023.10.20_16:28:58:845; 10.477500; 9.616200; 233.190600; 
2023.10.20_16:28:58:945; 10.160300; 9.449400; 233.212600; 
2023.10.20_16:28:59:045; 10.048200; 9.758400; 233.234600; 
2023.10.20_16:28:59:145; 10.092000; 9.722800; 233.234600; 
2023.10.20_16:28:59:245; 10.070100; 9.539600; 235.629700; 
2023.10.20_16:28:59:345; 10.286100; 9.851300; 235.739600; 
2023.10.20_16:28:59:445; 10.031800; 9.523200; 235.783600; 
2023.10.20_16:28:59:545; 9.892400; 9.411100; 235.805500; 
2023.10.20_16:28:59:645; 10.349000; 9.523200; 235.168300; 
2023.10.20_16:28:59:745; 10.403700; 9.400200; 235.168300; 
2023.10.20_16:28:59:845; 10.425500; 9.274400; 235.212200; 
2023.10.20_16:28:59:945; 10.537600; 9.386500; 235.190300; 
2023.10.20_16:29:00:045; 10.545900; 9.260700; 234.640900; 
2023.10.20_16:29:00:145; 10.524000; 9.326400; 234.597000; 
2023.10.20_16:29:00:245; 10.193100; 9.282600; 234.597000; 
2023.10.20_16:29:00:345; 10.184900; 9.400200; 234.575000; 
2023.10.20_16:29:00:445; 10.160300; 9.408400; 234.201400; 
2023.10.20_16:29:00:545; 10.288800; 9.889600; 232.970900; 
2023.10.20_16:29:00:645; 10.083800; 9.618900; 232.970900; 
2023.10.20_16:29:00:745; 9.925200; 9.454900; 232.992900; 
2023.10.20_16:29:00:845; 9.892400; 9.290800; 233.080700; 
2023.10.20_16:29:00:945; 9.930600; 9.348200; 233.674100; 
2023.10.20_16:29:01:045; 9.884200; 9.263500; 233.674100; 
2023.10.20_16:29:01:145; 9.999000; 9.211500; 233.674100; 
2023.10.20_16:29:01:245; 9.933400; 9.145900; 233.696000; 
2023.10.20_16:29:01:345; 9.725600; 9.055700; 230.334000; 
2023.10.20_16:29:01:445; 9.605300; 8.968200; 230.685600; 
2023.10.20_16:29:01:545; 10.018100; 8.875200; 230.707600; 
2023.10.20_16:29:01:645; 9.949800; 9.006400; 230.751500; 
2023.10.20_16:29:01:745; 9.963400; 8.823200; 229.191400; 
2023.10.20_16:29:01:845; 10.031800; 9.044700; 228.927700; 
2023.10.20_16:29:01:945; 9.919700; 8.853300; 228.883700; 
2023.10.20_16:29:02:045; 9.881400; 9.217000; 228.861700; 
2023.10.20_16:29:02:145; 9.736500; 8.962700; 232.355600; 
2023.10.20_16:29:02:245; 9.938800; 9.252500; 233.849800; 
2023.10.20_16:29:02:345; 9.990800; 9.096700; 233.981700; 
2023.10.20_16:29:02:445; 10.018100; 9.465800; 234.025600; 
2023.10.20_16:29:02:545; 9.927900; 9.145900; 233.849800; 
2023.10.20_16:29:02:645; 9.769300; 9.044700; 232.597300; 
2023.10.20_16:29:02:745; 9.627100; 9.167800; 232.509400; 
2023.10.20_16:29:02:845; 9.608000; 8.921700; 232.531400; 
2023.10.20_16:29:02:945; 9.938800; 9.156800; 232.333600; 
2023.10.20_16:29:03:045; 9.977100; 8.823200; 228.092700; 
2023.10.20_16:29:03:145; 9.925200; 9.011900; 228.268400; 
2023.10.20_16:29:03:245; 10.042700; 8.831400; 228.312400; 
2023.10.20_16:29:03:345; 10.184900; 8.965400; 228.312400; 
2023.10.20_16:29:03:445; 10.023600; 8.823200; 233.256500; 
2023.10.20_16:29:03:545; 10.513000; 8.880700; 233.761900; 
2023.10.20_16:29:03:645; 10.335300; 9.028300; 233.652100; 
2023.10.20_16:29:03:745; 10.540400; 8.897100; 233.652100; 
2023.10.20_16:29:03:845; 10.548600; 8.970900; 235.673700; 
2023.10.20_16:29:03:945; 10.313400; 9.036500; 235.453900; 
2023.10.20_16:29:04:045; 10.182200; 9.195100; 235.410000; 
2023.10.20_16:29:04:145; 10.422800; 9.028300; 235.432000; 
2023.10.20_16:29:04:245; 10.499400; 9.236100; 235.981300; 
2023.10.20_16:29:04:345; 10.578700; 9.258000; 236.728400; 
2023.10.20_16:29:04:445; 10.554100; 9.340000; 236.728400; 
2023.10.20_16:29:04:545; 10.305200; 9.534200; 236.772400; 
2023.10.20_16:29:04:645; 10.452900; 9.386500; 236.706500; 
2023.10.20_16:29:04:745; 10.586900; 9.676300; 234.662900; 
2023.10.20_16:29:04:845; 10.559500; 9.156800; 234.728800; 
2023.10.20_16:29:04:945; 10.225900; 8.806800; 234.750800; 
2023.10.20_16:29:05:045; 9.963400; 9.140400; 234.750800; 
2023.10.20_16:29:05:145; 10.152100; 8.801400; 236.728400; 
2023.10.20_16:29:05:245; 10.122000; 8.867000; 236.728400; 
2023.10.20_16:29:05:345; 9.878700; 8.815000; 236.750400; 
2023.10.20_16:29:05:445; 9.597000; 9.031000; 236.728400; 
2023.10.20_16:29:05:545; 9.659900; 8.694700; 231.982100; 
2023.10.20_16:29:05:645; 9.558800; 8.976400; 231.828200; 
2023.10.20_16:29:05:745; 9.618900; 8.642800; 231.806300; 
2023.10.20_16:29:05:845; 9.720100; 8.686500; 231.806300; 
2023.10.20_16:29:05:945; 9.375600; 8.536100; 229.762700; 
2023.10.20_16:29:06:045; 9.342800; 8.883400; 229.762700; 
2023.10.20_16:29:06:145; 9.307200; 8.697500; 229.806600; 
2023.10.20_16:29:06:245; 9.424800; 8.681100; 229.828600; 
2023.10.20_16:29:06:345; 9.309900; 8.757600; 230.070300; 
2023.10.20_16:29:06:445; 9.268900; 9.080300; 230.048300; 
2023.10.20_16:29:06:545; 9.148600; 9.025600; 230.048300; 
2023.10.20_16:29:06:645; 9.170500; 9.096700; 230.048300; 
2023.10.20_16:29:06:745; 9.145900; 9.042000; 230.949300; 
2023.10.20_16:29:06:845; 9.326400; 9.055700; 233.718000; 
2023.10.20_16:29:06:945; 9.312700; 9.498600; 233.630100; 
2023.10.20_16:29:07:045; 9.840400; 9.367400; 233.586200; 
2023.10.20_16:29:07:145; 9.556000; 9.293500; 233.740000; 
2023.10.20_16:29:07:245; 9.605300; 9.545100; 234.992500; 
2023.10.20_16:29:07:345; 9.629900; 9.449400; 235.058400; 
2023.10.20_16:29:07:445; 9.766600; 9.979900; 235.124300; 
2023.10.20_16:29:07:545; 9.837700; 9.755600; 235.080400; 
2023.10.20_16:29:07:645; 9.602500; 9.468500; 235.519900; 
2023.10.20_16:29:07:745; 9.769300; 9.703700; 235.475900; 
2023.10.20_16:29:07:845; 9.572400; 9.381000; 235.497900; 
2023.10.20_16:29:07:945; 10.097400; 9.342800; 235.497900; 
2023.10.20_16:29:08:045; 9.402900; 9.230700; 232.355600; 
2023.10.20_16:29:08:145; 9.309900; 9.438500; 231.938100; 
2023.10.20_16:29:08:245; 9.558800; 9.214200; 232.026000; 
2023.10.20_16:29:08:345; 9.875900; 9.252500; 232.004000; 
2023.10.20_16:29:08:445; 9.575200; 9.055700; 237.959000; 
2023.10.20_16:29:08:545; 9.744700; 9.176000; 238.464400; 
2023.10.20_16:29:08:645; 9.840400; 8.965400; 238.618200; 
